1.0 0.00869757399877 23.7089831173
2.0 0.0943698616053 23.7089831173
3.0 0.379173746177 23.7089831173
4.0 0.94590806293 23.7089831173
5.0 1.80141438865 23.7089831173
6.0 2.89797224044 23.7089831173
7.0 4.16525130127 23.7089831173
8.0 5.53255657188 23.7089831173
9.0 6.93980178366 23.7089831173
10.0 8.34091757935 23.7089831173
11.0 9.70328909259 23.7089831173
12.0 11.0055604645 23.7089831173
13.0 12.2350685208 23.7089831173
14.0 13.3854865108 23.7089831173
15.0 14.4548855876 23.7089831173
16.0 15.4442395739 23.7089831173
17.0 16.3563218864 23.7089831173
18.0 17.1949200992 23.7089831173
19.0 17.9642946477 23.7089831173
20.0 18.6688186866 23.7089831173
21.0 19.3127489235 23.7089831173
22.0 19.9000891581 23.7089831173
23.0 20.4345181079 23.7089831173
24.0 20.919360726 23.7089831173
25.0 21.3575879255 23.7089831173
26.0 21.7518338726 23.7089831173
27.0 22.1044231989 23.7089831173
28.0 22.4174029082 23.7089831173
29.0 22.6925755846 23.7089831173
30.0 22.9315318603 23.7089831173
31.0 23.1356810536 23.7089831173
32.0 23.3062795249 23.7089831173
33.0 23.4444566883 23.7089831173
34.0 23.5512388382 23.7089831173
35.0 23.6275710548 23.7089831173
36.0 23.6743374899 23.7089831173
37.0 23.6923803325 23.7089831173
38.0 23.6825177322 23.7089831173
39.0 23.6455609282 23.7089831173
40.0 23.5823307991 23.7089831173
41.0 23.4936740149 23.7089831173
42.0 23.3804789365 23.7089831173
43.0 23.243691372 23.7089831173
44.0 23.0843302549 23.7089831173
45.0 22.9035032671 23.7089831173
46.0 22.702422373 23.7089831173
47.0 22.4824191708 23.7089831173
48.0 22.2449598985 23.7089831173
49.0 21.9916598434 23.7089831173
50.0 21.7242968108 23.7089831173
51.0 21.4448231854 23.7089831173
52.0 21.1553759843 23.7089831173
53.0 20.8582841331 23.7089831173
54.0 20.5560720021 23.7089831173
55.0 20.2514580112 23.7089831173
56.0 19.9473468479 23.7089831173
57.0 19.6468135362 23.7089831173
58.0 19.3530772608 23.7089831173
59.0 19.0694624749 23.7089831173
60.0 18.7993444424 23.7089831173
61.0 18.5460759788 23.7089831173
62.0 18.3128918241 23.7089831173
63.0 18.1027868466 23.7089831173
64.0 17.9183642514 23.7089831173
65.0 17.7616503498 23.7089831173
66.0 17.6338737136 23.7089831173
67.0 17.5352099205 23.7089831173
68.0 17.4645019933 23.7089831173
69.0 17.4189900859 23.7089831173
70.0 17.3941438203 23.7089831173
71.0 17.383827081 23.7089831173
72.0 17.3812435922 23.7089831173
73.0 17.3810224174 23.7089831173
74.0 17.3810214144 23.7089831173
75.0 17.3810214144 23.7089831173
76.0 17.3810214144 23.7089831173
77.0 17.3810214144 23.7089831173
78.0 17.3810214144 23.7089831173
79.0 17.3810214144 23.7089831173
80.0 17.3810214144 23.7089831173
81.0 17.3810214144 23.7089831173
82.0 17.3810214144 23.7089831173
83.0 17.3810214144 23.7089831173
84.0 17.3810214144 23.7089831173
85.0 17.3810214144 23.7089831173
86.0 17.3810214144 23.7089831173
87.0 17.3810214144 23.7089831173
88.0 17.3810214144 23.7089831173
89.0 17.3810214144 23.7089831173
90.0 17.3810214144 23.7089831173
91.0 17.3810214144 23.7089831173
92.0 17.3810214144 23.7089831173
93.0 17.3810214144 23.7089831173
94.0 17.3810214144 23.7089831173
95.0 17.3810214144 23.7089831173
96.0 17.3810214144 23.7089831173
97.0 17.3810214144 23.7089831173
98.0 17.3810214144 23.7089831173
99.0 17.3810214144 23.7089831173
100.0 17.3810214144 23.7089831173
101.0 17.3810214144 23.7089831173
102.0 17.3810214144 23.7089831173
103.0 17.3810214144 23.7089831173
104.0 17.3810214144 23.7089831173
105.0 17.3810214144 23.7089831173
106.0 17.3810214144 23.7089831173
107.0 17.3810214144 23.7089831173
108.0 17.3810214144 23.7089831173
109.0 17.3810214144 23.7089831173
110.0 17.3810214144 23.7089831173
111.0 17.3810214144 23.7089831173
112.0 17.3810214144 23.7089831173
113.0 17.3810214144 23.7089831173
114.0 17.3810214144 23.7089831173
115.0 17.3810214144 23.7089831173
116.0 17.3810214144 23.7089831173
117.0 17.3810214144 23.7089831173
118.0 17.3810214144 23.7089831173
119.0 17.3810214144 23.7089831173
120.0 17.3810214144 23.7089831173
121.0 17.3810214144 23.7089831173
122.0 17.3810214144 23.7089831173
123.0 17.3810214144 23.7089831173
124.0 17.3810214144 23.7089831173
125.0 17.3810214144 23.7089831173
126.0 17.3810214144 23.7089831173
127.0 17.3810214144 23.7089831173
128.0 17.3810214144 23.7089831173
129.0 17.3810214144 23.7089831173
130.0 17.3810214144 23.7089831173
131.0 17.3810214144 23.7089831173
132.0 17.3810214144 23.7089831173
133.0 17.3810214144 23.7089831173
134.0 17.3810214144 23.7089831173
135.0 17.3810214144 23.7089831173
136.0 17.3810214144 23.7089831173
137.0 17.3810214144 23.7089831173
138.0 17.3810214144 23.7089831173
139.0 17.3810214144 23.7089831173
140.0 17.3810214144 23.7089831173
