0.127847177025
0.183807225771
0.229230920246
0.270559446008
0.310132259994
0.348337808134
0.386440351159
0.424651696462
0.463382805771
0.502654707474
0.542993557059
0.584626095678
0.627912808256
0.672179298338
0.71849089098
0.766956554415
0.818040227065
0.871902237333
0.928257613562
0.988066578298
1.05152327162
1.11937938779
1.19200484254
1.27061363437
1.35576770835
1.4478453379
1.54839466168
1.66001324311
1.78404581975
1.92241527009
2.08110513744
2.26296823779
2.47646929333
2.73147276306
3.04525283531
3.44356854342
3.98258280162
4.77278774063
6.15405395137
9.83311400718
