# Deadline value of 200
0.01 1.31636473429952
0.02 3.49766775777414
0.03 7.07992196878751
0.04 12.7955515088449
0.05 19.76915
0.06 26.401775
0.07 29.3677
0.08 30.4756526104418
0.09 30.9538597376388
0.1 31.9555751765894
0.11 31.455879396985
0.12 31.0202224469162
0.13 30.7199191102124
0.14 30.7199191102124
0.15 30.7199191102124
# Deadline value of 220
0.01 1.31920289855072
0.02 3.52140522875817
0.03 7.21269507803121
0.04 13.1808012486993
0.05 21.1142
0.06 28.7314249999999
0.07 32.8885999999999
0.08 35.055875
0.09 35.7048
0.1 36.429775
0.11 36.2354250000001
0.12 35.8048048048049
0.13 35.7357357357358
0.14 35.7357357357358
0.15 35.7357357357358
# Deadline value of 240
0.01 1.31926328502415
0.02 3.52475490196078
0.03 7.23775510204081
0.04 13.2554370447451
0.05 21.5578
0.06 29.6403249999999
0.07 34.4806249999999
0.08 37.44155
0.09 38.3569749999999
0.1 38.7848
0.11 38.8083
0.12 38.598975
0.13 38.591
0.14 38.591
0.15 38.591
