3.9430000782
4.03499984741
4.06399989128
4.06599998474
4.1289999485
4.18799996376
4.20500016212
4.24100017548
4.46000003815
4.46500015259
4.5529999733
4.57999992371
4.58599996567
4.58600020409
4.63700008392
4.66100001335
4.71099996567
4.77000021935
4.80200004578
4.83100008965
4.99500012398
5.00299978256
5.11599993706
5.15499997139
5.16899991035
5.19799995422
5.2539999485
5.46300005913
5.47800016403
5.50300002098
5.57399988174
5.57899999619
5.63199996948
5.72900009155
5.7349998951
5.86000013351
5.87400007248
5.90100002289
5.91799998283
5.93000006676
5.94200015068
5.97399997711
6.0490000248
6.20799994469
6.35899996758
6.51999998093
6.52600002289
6.86100006104
7.01399993896
7.12900018692
7.14999985695
7.18799996376
7.35400009155
7.59099984169
7.61100006104
8.13599991798
8.19499993324
8.35599994659
9.03200006485
9.33799982071
9.40000009537
9.64599990845
9.82700014114
9.84399986267
9.89800000191
9.9240000248
10.2010002136
10.2389998436
10.7020001411
10.8509998322
11.2920000553
11.3550000191
11.6830000877
12.2389998436
12.4229998589
12.4660000801
12.6860001087
12.756000042
13.0349998474
13.143999815
13.4379999638
13.6150000095
13.8169999123
13.9170000553
14.3149998188
14.6640000343
14.878000021
15.123000145
15.251999855
15.3399999142
15.4990000725
15.6239998341
15.6919999123
15.8180000782
16.0940001011
16.3079998493
18.0759999752
18.1070001125
18.1560001373
18.3330001831
18.9070000648
18.9700000286
19.3869998455
19.739000082
19.7780001163
20.0069999695
20.5540001392
20.7999999523
21.6109998226
22.0399999619
23.3340001106
23.7020001411
23.8399999142
23.9130001068
24.1050000191
24.3250000477
24.4690001011
24.6559998989
24.7830002308
25.0550000668
25.2920000553
25.4210000038
25.8389999866
25.9689998627
26.1130001545
26.9149999619
26.9539999962
26.993999958
27.0629999638
27.0780000687
27.0830001831
27.0889999866
27.5429999828
27.5529999733
27.5750000477
27.7949998379
28.2879998684
28.6440000534
29.9420001507
30.0540001392
30.248000145
30.4630000591
31.0799999237
31.1159999371
31.3150000572
31.4379999638
31.4579999447
31.7179999352
31.881000042
31.9260001183
32.0879998207
32.0910000801
32.5069999695
33.8329999447
33.8400001526
33.8619999886
34.7039999962
34.7720000744
34.8539998531
34.9639999866
35.248000145
35.5639998913
35.8819999695
35.9509999752
36.1150000095
36.1640000343
36.5080001354
36.9660000801
37.1959998608
37.6549999714
38.2350001335
38.2869999409
38.4189999104
38.8029999733
38.987000227
39.117000103
39.3870000839
41.004999876
41.3699998856
41.9429998398
42.9240000248
43.1180000305
43.3580000401
43.6979999542
44.1089999676
44.125
44.2599999905
44.2769999504
44.493999958
44.5149998665
44.9030001163
44.9879999161
45.2820000648
45.4079999924
45.5450000763
45.862000227
45.9160001278
46.4110000134
46.6339998245
46.7179999352
47.1000001431
47.1410000324
47.1559998989
47.3369998932
47.7259998322
47.7760000229
47.7809998989
48.4869999886
48.507999897
48.7630000114
48.8190000057
49.0590000153
49.4129998684
49.5160000324
49.7309999466
49.7920000553
49.8359999657
49.8430001736
50.2400000095
50.3079998493
52.1540000439
52.4340000153
52.5909998417
52.7650001049
52.9160001278
53.0510001183
53.1259999275
53.1760001183
53.2960000038
53.7739999294
54.1700000763
54.6890001297
54.743999958
54.7799999714
55.1480000019
55.1649999619
55.6870000362
56.2660000324
56.5620000362
56.6229999065
56.984000206
57.367000103
57.4190001488
57.4490001202
58.0659999847
59.3470001221
59.6549999714
59.7850000858
61.0690000057
61.4439997673
61.8000001907
62.6070001125
63.4490001202
63.5940001011
63.8469998837
63.8609998226
63.9490001202
65.1879999638
66.606000185
66.868999958
67.4630000591
67.493999958
67.5299999714
67.5380001068
67.8770000935
67.9700000286
68.0859999657
68.6000001431
68.9979999065
69.0550000668
69.0610001087
69.6210000515
70.6319999695
70.7620000839
70.8259999752
71.0870001316
71.5050001144
72.4070000648
72.5110001564
72.5469999313
73.253000021
73.7939999104
74.4889998436
74.9179999828
75.2960000038
75.3180000782
75.9549999237
76.125
76.2090001106
77.5250000954
77.6049997807
77.7730000019
78.0620000362
78.2150001526
78.5020000935
78.6440000534
80.0989999771
80.8550000191
81.0369999409
81.4440000057
81.5699999332
82.2320001125
82.486000061
82.5009999275
82.7669999599
83.0830001831
83.1610000134
83.4259998798
83.8269999027
84.0250000954
84.1629998684
84.2319998741
84.4400000572
84.5969998837
84.7550001144
84.7950000763
84.8259999752
84.9240000248
84.9440000057
85.0050001144
85.0199999809
85.0690000057
85.1209998131
85.2190001011
85.2829999924
85.3270001411
85.3899998665
85.4700000286
85.5569999218
85.6369998455
85.6470000744
85.6690001488
85.6760001183
85.7720000744
85.8069999218
85.8770000935
85.9440000057
86.0010001659
86.0160000324
86.1009998322
86.1210000515
86.2750000954
86.2780001163
86.2810001373
86.2899999619
86.2980000973
86.3000001907
86.3220000267
86.3569998741
86.370000124
86.375
86.4000000954
86.4089999199
86.4340000153
86.4399998188
86.4550001621
86.5190000534
86.5299999714
86.623000145
86.6490001678
86.6979999542
86.7070000172
86.7939999104
86.8100001812
86.8330001831
86.8470001221
86.861000061
86.9560000896
86.9589998722
86.9730000496
87.0039999485
87.0710000992
87.121999979
87.1940000057
87.2070000172
87.2489998341
87.4160001278
87.4330000877
87.4509999752
87.4769999981
87.4800000191
87.4930000305
87.5050001144
87.6099998951
87.6099998951
87.7490000725
87.8350000381
87.8589999676
87.861000061
87.9600000381
88.0850000381
88.0969998837
88.1100001335
88.1349999905
88.2039999962
88.2820000648
88.3110001087
88.3459999561
88.4309999943
88.4529998302
88.4809999466
88.4889998436
88.5010001659
88.6710000038
88.6940000057
88.7000000477
88.7960000038
88.8280000687
88.8930001259
88.9309999943
88.981000185
89.0119998455
89.0260000229
89.0399999619
89.0999999046
89.1019999981
89.2230000496
89.3469998837
89.3650000095
89.3819999695
89.4609999657
89.4889998436
89.5310001373
89.5749998093
89.6499998569
89.6570000648
89.6749999523
89.6949999332
89.7460000515
89.7720000744
89.7950000763
89.8040001392
89.8439998627
89.9830000401
89.989000082
89.993999958
90.004999876
90.004999876
90.0789999962
90.3059999943
90.382999897
90.5040001869
90.5410001278
90.5879998207
90.748000145
90.9130001068
90.9760000706
91.0720000267
91.2510001659
91.2890000343
91.2899999619
91.361000061
91.3940000534
91.4440000057
91.4500000477
91.4979999065
91.5220000744
91.5370001793
91.6740000248
91.7339999676
91.7789998055
91.7919998169
91.9019999504
92.118999958
92.1360001564
92.3580000401
92.3940000534
92.6400001049
92.6660001278
92.8469998837
92.992000103
93.2860000134
93.6129999161
94.2380001545
94.3020000458
94.5969998837
94.6600000858
94.8330001831
95.0680000782
95.1070001125
95.1489999294
95.2209999561
95.3639998436
95.378000021
95.5820000172
95.5870001316
95.6760001183
95.6840000153
95.9119999409
95.9140000343
95.9440000057
96.3629999161
96.4060001373
96.5489997864
96.5559999943
96.8519999981
96.8819999695
96.9249999523
97.3209998608
97.3240001202
97.4549999237
97.4830000401
97.5520000458
97.9649999142
98.0130000114
98.0230000019
98.1080000401
98.1990001202
98.2900002003
98.8519999981
98.881000042
99.0499999523
99.2720000744
99.2999999523
99.3910000324
99.3989999294
99.6199998856
99.6480000019
99.6660001278
99.9790000916
100.044000149
100.056999922
100.107000113
100.170000076
100.263000011
100.317000151
100.371999979
100.457999945
100.546999931
100.562999964
100.575000048
100.878999949
100.936000109
101.144000053
101.253999949
101.381999969
101.740999937
102.034000158
102.065000057
102.257999897
102.496999979
102.585000038
102.661000013
103.160000086
103.388000011
103.40899992
103.625
103.782000065
103.944000006
103.997999907
104.075999975
104.270999908
104.335000038
104.389000177
104.414999962
105.095999956
105.204999924
105.292999983
105.40199995
105.615999937
105.710000038
105.75
105.805999994
106.304999828
106.399999857
106.53399992
106.713999987
106.766000032
106.852999926
107.04399991
107.357000113
107.40199995
107.446000099
107.45299983
107.685000181
108.140000105
108.411999941
108.421999931
108.429999828
108.903000116
108.948999882
109.069000006
109.336999893
109.481999874
109.559999943
109.569000006
109.605000019
109.651000023
110.26699996
110.276000023
110.430000067
110.546000004
110.843000174
110.967000008
111.036000013
111.113999844
111.234999895
111.315999985
111.36500001
111.565999985
111.615999937
111.698000193
111.796000004
111.927000046
112.003000021
112.160999775
112.58100009
113.051000118
113.345000029
113.437999964
113.567000151
113.575000048
113.648000002
114.084000111
115.239000082
115.348999977
115.733999968
115.911000013
116.529000044
117.48300004
118.958000183
119.31099987
119.528000116
119.746999979
119.772000074
120.032000065
120.92599988
121.126000166
121.666000128
121.941999912
122.052000046
122.269999981
122.444000006
122.75999999
122.950000048
122.972999811
123.133999825
123.737999916
124.291000128
124.335000038
124.628999949
124.737999916
125.128000021
125.481999874
125.737000227
125.89199996
125.989000082
126.56400013
126.661999941
127.063999891
127.142999887
127.149999857
127.29399991
127.358999968
127.741000175
127.82799983
128.25999999
128.742000103
129.937999964
129.953000069
130.06400013
130.222999811
130.595000029
130.603999853
130.754999876
130.845999956
131.568000078
132.064999819
132.832000017
133.036000013
134.032999992
135.262000084
135.298000097
135.667999983
136.28399992
136.394999981
137.875999928
138.347000122
139.569999933
139.730999947
140.468999863
140.518000126
140.726999998
140.760999918
140.773000002
141.056999922
141.078999996
141.54700017
141.799999952
141.842999935
141.859999895
141.888000011
142.007999897
142.01699996
142.094000101
142.207000017
142.342999935
142.446000099
142.513999939
142.640000105
142.662999868
142.664000034
142.838000059
143.007000208
143.080999851
143.159999847
143.208999872
143.381000042
143.49000001
143.687999964
143.690999985
143.707000017
143.786000013
144.144999981
144.862999916
145.206999779
145.355999947
145.523000002
146.497999907
146.748000145
147.368000031
147.882999897
148.160000086
148.539999962
148.557999849
148.809999943
148.921999931
149.697999954
149.703999996
149.787999868
150.06400013
150.148999929
150.177999973
150.713000059
150.838000059
151.092000008
151.819000006
151.927999973
152.167999983
152.318000078
152.511000156
152.738000154
152.763999939
153.75
153.99000001
154.019000053
154.885999918
155.388999939
156.427000046
156.506999969
156.921000004
157.152999878
157.371999979
157.616000175
158.027000189
158.240999937
158.479000092
158.815999985
158.898000002
159.116999865
159.246000051
159.390000105
160.31099987
160.322999954
161.164000034
162.045000076
162.09100008
162.302999973
162.434999943
162.453000069
162.523000002
162.625
162.629000187
162.743999958
162.836000204
162.859999895
163.028000116
163.102999926
163.148000002
164.368000031
164.559000015
164.862999916
165.592999935
165.963000059
166.609000206
166.667000055
167.101999998
170.02699995
171.064999819
171.437000036
172.236000061
172.335999966
172.414000034
172.585000038
174.171000004
175.516000032
175.523999929
176.631000042
177.203000069
180.251000166
180.309999943
181.440000057
182.169000149
182.321000099
183.785000086
184.916000128
185.536000013
188.240999937
189.067000151
190.286000013
191.234999895
194.578999996
195.428999901
196.032000065
198.098999977
198.457999945
198.819999933
200.355000019
200.607000113
206.724999905
208.092000008
209.294999838
211.105000019
211.268000126
211.848999977
212.051000118
214.851000071
214.957000017
217.977999926
221.273000002
227.826999903
228.144999981
228.166000128
229.67200017
231.40899992
231.842000008
233.055999994
239.148999929
249.124000072
252.603999853
256.305999994
263.263999939
265.170000076
265.415999889
267.099999905
268.16899991
271.128000021
274.177000046
276.559999943
284.23300004
288.590999842
290.437000036
292.094000101
293.460000038
296.111999989
296.88499999
305.957999945
306.191999912
307.489000082
310.097000122
310.499000072
311.345000029
319.957000017
323.28399992
323.549999952
325.954999924
336.443000078
340.034999847
341.251000166
343.190000057
352.729000092
353.276000023
356.815999985
360.450999975
360.65500021
361.497000217
371.950999975
382.444999933
384.40199995
385.968999863
386.417999983
387.084000111
393.090999842
399.638999939
414.485000134
421.737999916
422.053999901
423.755000114
423.845000029
428.246999979
431.938999891
432.69299984
433.578000069
436.042000055
436.513999939
460.940999985
461.596999884
482.804000139
482.983999968
490.638999939
498.722999811
505.612999916
510.478999853
512.463000059
516.746000051
526.781000137
532.065000057
563.004000187
565.286000013
570.490999937
623.146999836
681.967000008
682.84100008
706.487999916
708.878999949
718.190000057
726.496000051
739.970000029
741.86500001
747.255000114
757.944000006
775.499000072
817.795000076
834.532000065
835.302000046
845.849999905
848.243999958
911.139999866
923.904999971
931.117999792
948.705999851
975.944999933
990.691999912
994.225999832
1008.00600004
1033.12900019
1042.97600007
1166.14499998
1215.11199999
1315.37599993
1331.22199988
1671.7750001
2056.87900019
6589.77900004
