5.78886369235
6.34064879668
6.45584920872
6.78791127474
6.88474400484
7.01491522164
7.02589174107
7.12450334443
7.24556473297
7.25907138746
7.30632030764
7.31894364035
7.33499330389
7.38072154352
7.41531689975
7.49625320389
7.50608695869
7.51104129705
7.58074944599
7.62329648661
7.82137367783
7.82211830361
7.84191097704
7.86134486818
7.9007157187
7.94892745399
7.96499113045
8.11610262539
8.14228499969
8.29652862896
8.30268728986
8.31715727863
8.37422991384
8.37644475472
8.43772853843
8.49806804479
8.62136804155
8.78322314858
8.81761726948
9.11211358611
9.12306250219
9.12652623121
9.15426674073
9.26794651969
9.46547908179
9.48607807949
9.50531307083
9.71947433174
9.8528166657
9.85398158671
9.97725167464
10.1017306242
10.3611064694
10.3966791313
10.4533073082
10.8919933215
10.9261438
11.0140925805
11.1951849505
11.2981791208
11.3379085329
11.3667193756
11.4789252225
11.8906643269
12.1369470404
12.7427863963
12.8296300303
12.8307209826
13.0211762157
13.1702608707
13.3718568622
13.4237879044
13.5636900872
13.848578683
14.1784710712
14.2238561454
14.9443396717
15.0618906742
15.1009383808
15.4937299129
15.7326223598
15.9082018949
16.5134542931
16.6125880971
16.7050574798
16.7641588424
16.7965932239
16.9205863896
17.0114199207
17.2403036914
17.5240027073
17.8884960373
18.3835817213
19.5048155561
20.234944323
20.2452629281
20.344844132
21.228268209
21.6364280715
22.1590377571
22.3716418297
22.7278106631
22.8919797794
23.2331421886
23.746320989
24.1379852911
24.3752433706
24.4611378621
24.6751598444
26.0702313505
26.6950332464
26.9940730889
27.252877199
27.3526815678
27.3919100449
27.4038299878
27.5250685117
27.9057383017
27.9700150924
28.3091346963
28.4136103983
28.6153415138
28.6155754535
28.6328358585
28.7640531027
29.0336736525
29.0561945829
29.0640386495
29.3230912777
29.6811461343
29.9977168021
30.7812648597
31.8359650177
32.2830206613
32.66843147
33.2536214908
33.563313807
33.760629004
33.7810692639
33.8991832677
33.9950621293
34.2844327261
34.6165782294
34.7475070171
34.8528245601
34.9025441042
34.9132165279
35.7988577425
35.8193181407
36.0880156369
37.3436453423
37.4131508502
37.6493286107
37.7402091036
37.761681272
37.8412345463
38.354119678
38.4728053204
38.6646160497
38.8217226501
38.8360231023
38.8361755252
38.895982847
40.0694307952
40.8836692484
41.5044478384
41.7143051292
41.9313917811
42.1172494923
43.5836163829
44.982069825
45.4437429457
47.0770788812
47.2999511583
47.4904497355
47.9512879251
47.9750946986
48.3049006103
48.328707357
48.5390225459
48.6464779204
48.6611710131
48.664305738
48.9306152751
49.0372700897
49.4090394079
49.5843975801
49.5952398348
49.6725397414
49.8542715898
50.3331653028
50.6715427657
50.7819972733
50.8055484488
51.1180473373
51.2292386458
51.3504798855
51.5009282137
52.3578832565
52.7430203481
52.9037360658
52.9893278957
53.1658142212
53.2200710903
53.6901187857
54.0604975351
54.5070584193
54.5141168679
54.9819764571
55.5493402567
56.4106844971
56.5261368982
56.5676217185
57.067077275
57.3948500818
57.46079853
57.4885880276
57.743643673
57.874129658
57.974113824
59.1379519767
59.2892110828
60.6770510064
60.7410587213
61.7369045269
62.0928389761
63.9052178751
64.78895817
64.8009604693
66.0860900255
66.9516951584
66.9619802574
67.14345416
67.3982945531
67.8625494264
68.225128153
68.410308179
68.5627993436
68.7485573673
69.0278630065
69.1528726443
69.3490864886
69.9258119684
70.7809745351
71.2189754527
71.336134021
71.46580903
71.7356634853
72.6582203848
73.9443383372
74.3670564686
74.5210080512
74.53838494
75.4764945907
76.5950683033
77.1931981949
77.7379835149
77.760141584
77.8745962852
78.0254931794
78.1031184805
78.7130683584
78.7669393735
79.3838399454
79.5932399262
79.6613938233
79.8966555729
80.100560169
80.4223010904
81.2616012732
81.6093150071
81.6863649611
81.714568383
82.6792344435
82.7372734511
84.1203387761
84.2089477352
84.4429928962
84.5211299705
84.5339375507
84.6016356574
84.7256970533
84.7896207414
84.7988380815
84.8708901122
84.8929893566
84.8962201705
84.9292457378
85.0022379241
85.0787842397
85.3597978719
85.3683437495
85.3897663336
85.5770555313
85.7388956718
85.8700599682
85.8879339468
85.9772720159
86.0096413346
86.0347464425
86.0473913349
86.0486035457
86.0745482921
86.1167801786
86.2264708302
86.2537533437
86.3064739439
86.434440342
86.4441775586
86.4988754413
86.6451221608
86.6668558293
86.754659329
86.9594879227
86.9749585651
87.0123335458
87.2533451698
87.3468744707
87.6787119107
87.7388561759
87.8235982962
87.8919786965
87.9166044039
88.0614126499
88.2124525598
88.3761745892
88.450359189
88.4675256028
88.5370564775
88.5607573511
88.5836811118
88.607677712
88.6460948746
88.6688509022
88.687398154
88.7095613928
88.8131910524
88.9072861418
88.9550233426
89.091490106
89.1228140081
89.1580319408
89.1930338843
89.2171143471
89.2468001142
89.2987966895
89.3492400323
89.3504467366
89.4102038347
89.419039094
89.4453040881
89.4537176242
89.4903515584
89.5635384054
89.5776782676
89.5955649368
89.6439263713
89.6779962384
89.776249825
89.7884654619
89.7945436089
89.7962492467
89.8054730106
89.8060683667
89.8341843226
89.851607521
89.8601598039
89.8965756197
90.079245568
90.0985152598
90.1321625274
90.1783693191
90.3257550287
90.3629104727
90.3778480129
90.3934059839
90.5299872177
90.6661560284
90.6818480116
90.6997989439
90.9031445738
90.9505969935
90.9567042893
90.992416909
91.0752274083
91.0800724417
91.1002671195
91.1122543284
91.1450007426
91.1482102265
91.1787494577
91.4550449135
91.5421751741
91.6580362534
91.7440078147
91.8950567785
91.9765112996
92.0891972886
92.0894299679
92.1686233377
92.2139204514
92.2212851639
92.3174815603
92.3292418521
92.3866696788
92.3889917141
92.6702868965
92.7081896338
92.7382407629
92.7699556419
92.8306370703
92.8580553962
92.8608584553
92.8731724419
92.8941547212
92.9629856951
93.0504467394
93.0648313219
93.1056520211
93.4247620458
93.4542364444
93.5476910521
93.630054218
93.6612326765
93.7492790355
93.7601287659
94.1834337336
94.2476136369
94.304367467
94.3665579793
94.5686763671
94.5949189189
94.5987399554
94.6300262581
94.6972144869
94.8992914155
94.9299329841
94.9891762051
94.9934425672
95.3982191229
95.4223817747
95.5380572285
95.576399244
95.6329194264
95.7272469868
95.8288382997
96.0042087207
96.4932010554
96.5416694287
96.5453076547
96.5623977291
96.6050060219
96.7276523759
96.8677449235
96.9847334561
97.0377885694
97.167413381
97.1971644388
97.2613569254
97.3823371145
97.5034095255
97.5281940755
97.7042490938
97.7492506775
97.9783187454
98.0911646585
98.4335192663
99.2533686963
99.4009294982
99.613352402
99.7016551011
100.288364459
100.571204064
101.006303464
101.045679216
101.534003551
101.60676205
101.810556109
101.830525189
101.840302983
101.849999995
101.855737215
101.991524851
102.196544769
102.590281634
102.697293675
102.91628409
103.105625531
103.137849088
103.147653617
103.410734938
103.433577558
103.661338688
103.890946626
103.989179684
104.093994735
104.231380419
104.245564763
104.279403119
104.301469173
104.688651356
104.852526351
105.100246711
105.169446949
105.540056841
105.542652859
105.762163738
105.839875883
105.857359179
105.970382996
106.256193612
106.376846389
106.406397585
106.411917165
106.444558236
106.641052712
106.682074983
106.775325767
106.827968398
106.869800708
106.932466865
107.002369454
107.004239279
107.007562813
107.112838774
107.23363479
107.320489458
107.431291493
107.842920933
108.038034596
108.349634706
108.382495135
108.505791707
108.736252673
108.823398376
109.221092147
109.285398806
109.456784799
109.483909879
109.564395328
109.67265958
109.743396174
109.920685481
110.188165663
110.396173946
111.09036267
111.384967358
111.422993254
111.879554471
112.169331666
112.375657142
112.605862407
112.672088777
112.702237773
112.8841875
113.222972312
113.296812645
113.697099401
113.710087088
114.125966116
114.183944322
114.324692768
114.368962157
114.447298827
114.471259731
114.543808876
114.572959224
114.677913403
114.689336696
115.17443276
115.237858543
115.835010103
116.008671404
116.234842102
116.39129323
116.476951805
116.709520693
116.712334392
116.752326319
116.78049148
116.861579698
116.920551545
116.965895347
117.175260468
117.250336647
117.268894404
117.478016991
117.566850142
117.785566592
117.83536418
118.08667991
118.441996457
118.477288351
118.675078256
118.988120206
119.064502631
119.232469884
119.632224983
119.841058572
120.003445684
120.440554851
120.46617268
121.199084426
121.255493145
121.293636091
121.392789608
121.6107
122.704144467
123.450982033
123.50768906
123.865839147
123.880194587
123.885097178
123.922704782
125.412868519
125.474129959
125.645887325
125.662543944
125.758431639
126.037626317
126.089601054
126.455227544
126.485198244
126.496242187
126.552148148
126.818274779
126.83507122
127.140789066
127.153508783
127.210645515
127.34022266
127.689009169
127.765479998
127.89923926
128.07672266
128.21076522
128.22690332
128.366594726
128.500947728
128.554339096
128.663274075
128.713571004
128.903290447
129.166108394
129.233368318
129.421025395
129.562185153
129.912646984
129.977968733
130.08066734
130.150359612
130.359761671
130.365680662
130.413601373
130.488221902
130.505882814
131.183261718
131.232042825
131.467327147
131.508006834
132.212371195
132.479186191
132.556677737
132.838267068
132.839572077
133.490393711
133.551573245
133.836631936
134.065470699
134.09471387
134.552146615
134.586607495
134.735742126
135.172841686
135.291735148
135.32559222
135.508705076
135.796298832
135.805996244
135.9273114
136.121433298
136.489582701
136.660271194
136.740186522
136.982532225
137.343719776
137.807684171
137.931916889
138.16230529
138.536459667
139.105208971
139.582494372
139.898685544
140.491350062
141.923139533
142.637787117
142.68914192
142.943343743
143.894810958
143.980901336
144.704366259
145.130638547
145.467375765
145.606707133
146.880796885
147.0525279
147.42559412
148.004754645
148.078380568
148.2116035
148.257574492
148.383413918
148.446035559
149.001482425
150.583716361
151.113169972
151.208698684
151.405815862
151.998029187
152.178488667
152.520777641
152.629848961
153.476162766
153.567841699
155.119557366
155.226471222
155.243965888
155.317326042
155.480895513
156.671164879
156.878777302
157.334635528
157.811588524
158.012116517
158.711380413
158.834414426
159.172108588
160.485876236
160.610561633
160.787132755
162.030716358
162.047953393
162.554785905
162.67678827
163.160426232
163.186157258
163.288284606
163.335888589
163.577184685
164.092131392
164.337415778
164.707425065
166.175237976
166.206306399
166.80605878
166.869687156
166.943457644
167.089889609
167.357163507
167.408123141
167.417774899
167.447168946
167.539466765
167.712423566
168.817987908
168.989556705
169.188817122
169.339645427
169.600475507
169.949502319
170.265024302
170.383016126
170.802712553
171.608129923
171.905247218
171.951256666
172.334230576
173.442084177
173.906275289
174.505459362
177.160596744
178.919642513
179.457319649
181.91771992
182.251503826
182.720327402
182.972046494
184.600067363
184.642972243
185.251223091
185.48423442
186.874665599
187.102773903
187.467877455
187.750455974
187.93153133
189.157719835
190.40029587
191.406333989
191.740926376
191.993731483
192.428580489
193.597187533
194.45289494
197.876911765
198.05571499
198.479213379
201.540315607
202.191521357
205.856230599
208.909621071
209.398448564
210.897921004
211.840550546
214.093985096
214.649390602
216.822194523
217.840192691
218.485903586
220.102657468
220.253396708
226.102022809
230.544024666
232.455346211
232.792664584
234.237991042
235.059780265
236.663180446
237.496519059
238.920859699
241.196417593
247.116249999
248.603089006
249.02391976
250.792128842
252.772455334
254.760468772
255.593895356
258.470540493
258.591963785
264.763623658
273.78957015
274.293743613
275.401244434
278.952407068
289.084391217
295.44882233
296.480291301
298.123877751
299.620104522
302.364609629
306.050866704
310.942713166
315.416244179
319.7884997
320.0737871
325.47629835
329.682762254
330.263075005
330.671598207
342.170112982
345.235426017
363.037171109
365.261139478
365.665450212
365.877753224
367.784751956
372.664615767
386.590427989
391.708389462
397.137240092
398.378258964
401.508000001
403.087256446
403.724942115
405.722605389
406.005867264
408.301692134
413.355176202
428.932880819
429.527117649
429.762607293
432.820967095
436.697379124
443.358140341
450.33260831
451.016383415
453.799069724
454.404610065
457.724716142
468.497168492
468.544268826
474.122266811
477.620002707
489.630676162
492.127115454
504.714694517
508.531747111
519.34895317
523.273859931
523.857568295
528.664048143
540.49754407
568.855924755
569.250554885
584.845729648
645.579532995
661.300227144
688.943642026
691.654797782
709.849430674
720.741378734
727.620820361
737.804970663
757.571145915
761.105131645
763.92792002
776.868391663
777.746992591
782.648489566
786.587625109
788.753651641
809.892229363
812.296610904
816.249016482
822.43039259
829.037398276
833.668259313
845.250374231
853.705042966
861.779755604
877.105834027
918.275683363
955.262650622
971.943021072
1018.04533641
1054.52146173
1159.23017726
1232.44074094
1324.97119805
1340.027699
1571.32242655
2127.13837786
8825.88526112
