8.10399985313
8.23600006104
8.28299999237
9.92100000381
10.5269999504
10.871999979
10.9470000267
12.128000021
12.8619999886
13.6749999523
13.6790001392
13.7620000839
13.9660000801
14.1449999809
14.2509999275
14.3470001221
14.4160001278
14.489000082
14.7220001221
14.7640001774
14.7920000553
14.8090000153
14.8519999981
14.9170000553
14.9229998589
14.9409999847
15.0460000038
15.1139998436
15.1330001354
15.1640000343
15.1690001488
15.3119997978
15.3519999981
15.4730000496
15.621999979
15.6380000114
15.6600000858
15.7960000038
15.8619999886
15.9539999962
15.9579999447
15.9779999256
16.1099998951
16.1180000305
16.1349999905
16.1919999123
16.243999958
16.2669999599
16.3020000458
16.3440001011
16.3790001869
16.4579999447
16.4700000286
16.5880000591
16.6749999523
16.6840000153
16.8519999981
16.8680000305
16.9420001507
17.0329999924
17.2330000401
17.3479998112
17.5340001583
17.635999918
17.8849999905
17.8849999905
18.0859999657
18.1150000095
18.4449999332
18.6159999371
18.6840000153
18.8550000191
19.0859999657
19.1169998646
19.2250001431
19.2460000515
19.5720000267
20.0110001564
20.0329999924
20.0420000553
20.0940001011
20.2139999866
20.5559999943
20.5899999142
22.5669999123
22.8279998302
23.6119999886
23.6440000534
23.6970000267
23.7160000801
23.7990000248
23.8080000877
23.9470000267
24.0450000763
24.0489997864
24.2869999409
25.9119999409
26.1959998608
26.9029998779
27.1029999256
27.129999876
28.7890000343
30.3529999256
30.5199999809
30.6990001202
30.9590001106
31.0050001144
31.125
31.2110002041
31.4070000648
31.5039999485
31.7890000343
31.8109998703
32.1100001335
32.3940000534
32.6599998474
32.6840000153
32.7089998722
32.8250000477
33.1239998341
33.4179999828
33.7599999905
34.1919999123
34.2130000591
34.5149998665
34.7739999294
34.8029999733
35.1319999695
35.4739999771
36.5320000648
36.6209998131
36.7060000896
37.2329998016
37.2960000038
37.5160000324
37.7299997807
38.1890001297
38.5270001888
38.7119998932
38.7230000496
39.6480000019
39.756000042
40.6349999905
41.5460000038
41.75
41.7520000935
42.6489999294
42.6660001278
43.0780000687
43.1069998741
43.3459999561
43.6099998951
43.6600000858
43.8040001392
44.6010000706
44.6099998951
44.9670000076
45.6809999943
45.7779998779
45.9159998894
46.3099999428
46.6319999695
46.7470002174
47.5899999142
48.375
49.3039999008
49.9189999104
51.0999999046
51.1819999218
51.5969998837
51.9730000496
52.0920000076
52.513999939
53.0329999924
53.2189998627
54.2599999905
54.498000145
54.5880000591
55.3190000057
55.7990000248
56.2619998455
56.6410000324
57.8269999027
57.9689998627
58.0499999523
58.0810000896
59.001999855
59.1330001354
59.4759998322
59.5799999237
59.9140000343
60.0820000172
60.1689999104
61.1809999943
61.5480000973
63.2809998989
63.5869998932
63.5939998627
63.9760000706
64.0469999313
64.1809999943
64.5859999657
64.7780001163
66.3090000153
67.2160000801
67.3899998665
68.3900001049
68.3960001469
68.4260001183
68.4869999886
68.6029999256
69.5299999714
69.6540000439
69.8539998531
70.6960000992
71.7799999714
72.1519999504
72.9960000515
73.0889999866
73.5379998684
74.4000000954
74.5420000553
75.1440000534
75.876999855
76.0929999352
76.5249998569
77.6019999981
77.9270000458
78.6830000877
78.9149999619
79.6240000725
79.7160000801
80.5329999924
81.5499999523
82.246999979
82.6160001755
82.7999999523
84.5190000534
84.6470000744
85.871999979
86.0529999733
86.4340000153
87.0320000648
87.8240001202
88.5479998589
89.0580000877
89.2690000534
89.9930000305
90.353000164
90.4039998055
90.4649999142
90.6399998665
90.7049999237
90.7200000286
90.7479999065
90.7749998569
90.7799999714
90.7899999619
90.7990000248
90.8459999561
90.8959999084
90.9640002251
90.9799997807
91.0120000839
91.1019999981
91.1070001125
91.2550001144
91.2939999104
91.3309998512
91.3760001659
91.3949999809
91.4119999409
91.4259998798
91.4590001106
91.4839999676
91.5759999752
91.6340000629
91.6449999809
91.6699998379
91.7100000381
91.7479999065
91.75
91.75
91.8460001945
91.8849999905
91.9029998779
91.9210000038
91.9380002022
91.9689998627
91.9749999046
92.0730001926
92.1070001125
92.1209998131
92.1850001812
92.2219998837
92.2449998856
92.253000021
92.2790000439
92.3519999981
92.3729999065
92.4100000858
92.4440000057
92.5539999008
92.5620000362
92.5779998302
92.6740000248
92.6920001507
92.9250001907
93.006000042
93.0409998894
93.0669999123
93.3759999275
93.5690000057
93.5879998207
93.6390001774
93.6649999619
93.6819999218
93.7829999924
93.8600001335
93.8789999485
93.9419999123
94.0950000286
94.1489999294
94.1499998569
94.2430000305
94.2590000629
94.2999999523
94.3450000286
94.4539999962
94.5599999428
94.6549999714
94.6630001068
94.739000082
94.9249999523
95.1470000744
95.1809999943
95.1900000572
95.2780001163
95.3650000095
95.4170000553
95.4259998798
95.4440000057
95.5699999332
95.638999939
95.6610000134
95.8259999752
95.8540000916
95.8789999485
95.9040000439
95.9430000782
96.0940001011
96.1499998569
96.1520001888
96.2039999962
96.2060000896
96.2409999371
96.5179998875
96.5390000343
96.7209999561
96.7389998436
96.7479999065
96.7969999313
96.8029999733
96.8410000801
96.9340000153
97.001999855
97.0479998589
97.0980000496
97.1259999275
97.1410000324
97.1989998817
97.2960000038
97.492000103
97.5600001812
97.6579999924
97.6959998608
97.7239999771
97.7330000401
97.7389998436
97.7739999294
97.9020001888
97.9429998398
97.9480001926
97.9700000286
98.2730000019
98.3359999657
98.4030001163
98.4760000706
98.6019999981
98.8080000877
98.9820001125
98.9869999886
99.1569998264
99.3900001049
99.6229999065
100.272000074
100.578999996
100.648000002
100.667999983
100.734999895
100.898000002
100.909999847
100.941999912
101.210999966
101.250999928
101.355000019
101.481999874
101.602999926
101.789999962
101.893000126
102.205999851
102.388000011
102.389000177
102.503999949
102.554000139
102.585999966
102.626999855
102.734999895
102.895999908
103.142999887
103.465999842
103.49000001
103.603999853
103.6650002
103.957000017
103.993999958
104.062000036
104.174999952
104.269999981
104.796999931
105.233999968
106.005000114
106.119000196
106.467000008
106.699999809
107.194000006
107.434999943
107.490999937
107.769000053
108.351999998
108.440999985
108.763000011
109.256999969
109.27699995
109.569000006
109.630000114
109.773999929
110.003999949
110.008000135
110.016000032
110.268000126
110.321000099
110.355999947
110.624000072
110.653999805
110.669000149
110.799000025
110.815000057
110.950000048
111.059000015
111.398000002
112.164999962
112.332999945
112.421999931
112.651000023
112.693000078
113.049000025
113.11500001
113.118999958
113.592000008
113.940000057
113.968000174
114.381000042
114.559999943
114.849000216
114.974999905
115.086999893
115.164000034
115.663000107
115.774999857
116.059000015
116.392999887
116.473999977
116.476999998
116.835000038
117.043000221
117.125
117.24000001
117.342999935
117.364000082
117.394000053
117.462999821
117.557999849
117.631000042
118.401000023
118.505999804
118.575999975
118.618000031
119.000999928
119.059999943
119.526000023
119.631000042
119.861999989
120.046999931
120.061000109
120.148999929
120.292000055
120.597000122
120.614000082
120.691999912
120.723999977
120.772000074
120.875
120.963999987
121.109000206
121.944000006
122.362999916
122.457000017
122.741000175
122.845999956
123.281000137
123.306999922
123.328999996
123.342000008
123.371999979
123.493000031
123.565999985
123.603000164
123.603000164
123.67599988
123.796000004
123.805999994
123.897000074
124.443000078
124.713000059
124.801999807
124.99000001
125.446000099
125.536999941
125.812999964
125.851999998
126.319000006
126.806999922
126.944999933
127.082999945
127.302999973
127.467999935
128.336999893
128.363000154
128.926999807
129.569000006
130.006999969
130.421000004
130.562000036
130.56799984
130.789999962
130.828999996
131.098999977
131.311999798
131.467000008
131.638999939
131.802999973
131.894000053
132.177999973
132.562000036
132.792000055
132.936999798
132.968000174
133.025000095
133.530999899
133.65899992
134.753000021
134.774000168
134.890000105
134.894999981
135.513000011
135.687000036
136.588000059
136.589000225
136.621999979
137.134000063
137.623000145
137.907999992
138.169000149
138.588000059
139.329999924
139.416000128
139.853000164
139.894000053
140.587000132
141.49000001
141.623999834
141.828999996
142.381000042
142.601999998
142.835000038
143.056000233
143.976000071
144.564999819
144.756000042
144.76699996
145.197999954
145.626000166
145.626999855
146.195999861
146.489000082
146.667999983
147.182999849
147.335000038
147.411999941
147.43200016
147.467000008
147.875999928
149.379999876
149.429000139
150.447000027
151.399000168
151.513000011
152.027999878
152.25
153.806999922
153.871999979
154.32799983
154.552999973
154.722000122
154.881999969
155.519999981
155.548000097
156.263000011
156.595000029
156.643999815
157.083999872
157.378999949
157.594000101
157.612999916
158.480000019
159.009000063
159.361999989
159.57799983
159.825000048
159.924000025
160.243999958
160.289000034
160.694999933
160.756000042
160.815000057
161.592999935
161.754000187
161.763999939
161.861999989
162.196000099
162.306999922
162.350000143
162.46999979
162.575000048
162.576999903
162.584000111
162.632000208
162.635999918
162.657000065
163.065000057
163.305000067
163.628999949
163.74000001
163.745000124
163.84100008
163.879999876
163.895999908
163.903000116
164.565999985
164.680999994
164.890000105
165.109999895
165.269999981
165.545000076
165.549000025
165.561000109
165.638000011
165.769000053
165.953999996
166.052000046
166.165999889
166.483999968
166.511999846
166.605000019
167.01699996
167.368000031
167.370999813
167.638000011
168.178999901
168.549000025
168.685000181
168.805999994
169.092000008
169.203000069
169.837999821
169.872000217
170.150000095
170.202000141
170.305999994
171.07400012
171.161000013
171.434000015
171.542999983
171.81400013
172.695000172
172.894999981
173.279999971
173.721000195
173.975000143
174.281000137
174.573999882
174.832999945
175.659000158
175.941999912
176.36500001
176.431999922
176.558000088
176.659000158
176.747999907
176.894000053
176.898999929
177.009000063
177.08100009
177.131000042
177.236000061
177.406000137
177.878999949
177.906999826
177.982000113
178.376999855
178.496000051
180.383000135
180.970999956
182.742000103
182.826999903
183.499000072
184.812000036
184.927999973
185.468000174
186.671000004
186.855999947
187.058000088
187.07400012
187.131999969
187.487999916
187.965999842
188.486999989
189.536999941
191.328999996
192.194999933
192.217000008
192.678999901
193.294000149
193.651000023
193.991000175
194.893000126
195.319000006
195.771000147
195.853000164
195.984999895
196.121999979
197.03399992
197.845000029
199.110999823
199.94900012
200.008000135
202.661999941
205.261000156
206.613000154
207.618000031
208.203000069
208.990999937
209.608999968
209.96600008
209.977999926
210.674999952
211.950999975
212.749000072
212.93900013
213.423999786
214.031000137
214.226000071
220.455000162
220.633000135
221.213999987
223.404000044
223.763000011
224.677000046
226.339999914
229.84100008
234.157999992
236.562000036
237.930999994
238.480000019
238.665999889
239.286999941
241.848999977
242.000999928
243.601999998
243.684999943
244.213000059
244.928999901
245.273999929
245.338000059
246.75
246.987999916
247.996999979
249.036999941
249.648999929
250.655999899
252.949999809
258.588999987
259.023000002
263.17599988
263.452000141
266.693000078
269.292999983
269.438999891
270.98300004
271.04399991
276.986999989
279.453999996
280.865999937
283.82400012
284.399999857
287.928999901
288.268999815
290.296999931
291.294000149
297.782999992
298.138999939
301.907000065
304.770999908
308.899999857
312.617000103
336.881000042
338.934000015
339.746999979
343.898000002
344.888000011
345.673000097
346.407999992
354.921999931
356.032999992
356.398999929
356.546000004
358.981999874
360.113000154
364.350999832
365.967000008
386.211000204
398.702000141
399.814999819
403.798000097
410.332000017
427.931999922
430.564999819
443.633000135
446.555000067
446.97300005
461.888999939
463.095000029
469.22300005
472.317000151
472.696000099
477.509000063
478.77699995
484.74000001
485.024999857
486.768999815
487.207000017
491.358999968
492.834000111
502.596000195
505.983999968
511.739000082
512.773999929
514.074999809
517.598999977
519.830999851
524.010999918
534.139999866
535.296000004
536.103999853
537.66899991
544.564999819
548.084000111
552.046000004
561.782999992
562.995000124
572.622999907
590.252000093
591.128000021
593.100000143
599.805999994
604.880000114
617.037999868
628.80700016
631.140999794
636.096000195
646.792000055
653.792000055
667.040999889
668.041000128
684.181999922
696.523999929
699.027999878
713.458000183
734.898000002
749.462000132
769.160000086
773.813000202
814.75
820.229999781
850.732000113
893.552999973
906.296000004
914.109999895
918.519999981
926.338999987
930.135999918
945.113000154
949.382999897
952.446000099
954.059000015
1112.46200013
1114.773
1178.89099979
1186.46600008
1227.98700023
1271.58999991
1281.51200008
1302.51399994
1331.23600006
1347.13799977
1355.38300014
1356.39100003
1369.59100008
1450.19900012
1692.78200006
1771.95599985
2387.42699981
13289.494
