0 0.116500581232
1 0.165520335045
2 0.204583827887
3 0.239447045314
4 0.272190569891
5 0.303755685115
6 0.334636875098
7 0.365219283136
8 0.395736536739
9 0.426414255578
10 0.457372714048
11 0.488752779949
12 0.52068121658
13 0.553322760445
14 0.586724212205
15 0.621017818669
16 0.656281715663
17 0.692703853058
18 0.730392981384
19 0.769397155479
20 0.810024619944
21 0.852248861009
22 0.896311701786
23 0.942490052373
24 0.990693650019
25 1.04135596687
26 1.09468362589
27 1.15108991035
28 1.21083616461
29 1.27432046899
30 1.34190629327
31 1.41420028917
32 1.49176409417
33 1.57556971352
34 1.6662112357
35 1.7651984794
36 1.87349432532
37 1.99294162792
38 2.12590848614
39 2.27507094061
40 2.44492019844
41 2.64006749206
42 2.86873328468
43 3.14191940481
44 3.47737434827
45 3.90437447103
46 4.47988866625
47 5.32594974618
48 6.79394231133
49 10.6690909033
