5.19799995422
5.72900009155
5.87400007248
5.90100002289
5.97399997711
6.20799994469
6.51999998093
8.19499993324
9.82700014114
9.84399986267
9.9240000248
11.3550000191
13.8169999123
14.878000021
15.251999855
15.6919999123
18.0759999752
18.1560001373
18.3330001831
18.9700000286
19.739000082
20.0069999695
20.7999999523
21.6109998226
23.3340001106
23.9130001068
24.1050000191
24.3250000477
24.4690001011
24.6559998989
25.0550000668
25.2920000553
25.4210000038
25.8389999866
26.1130001545
26.9149999619
26.9539999962
26.993999958
27.0629999638
27.0780000687
27.0830001831
27.5429999828
27.5750000477
27.7949998379
29.9420001507
30.0540001392
30.248000145
31.1159999371
31.3150000572
31.4379999638
31.7179999352
31.9260001183
32.0910000801
32.5069999695
33.8619999886
34.8539998531
35.248000145
35.5639998913
35.8819999695
35.9509999752
36.1640000343
37.1959998608
38.8029999733
39.117000103
39.3870000839
41.004999876
42.9240000248
44.2599999905
44.493999958
44.9879999161
45.4079999924
45.9160001278
46.4110000134
46.6339998245
46.7179999352
47.1410000324
47.7760000229
48.4869999886
48.507999897
49.0590000153
49.5160000324
49.7309999466
50.2400000095
50.3079998493
52.1540000439
52.4340000153
52.9160001278
53.1760001183
53.2960000038
53.7739999294
54.7799999714
55.1480000019
55.1649999619
55.6870000362
56.5620000362
56.6229999065
57.4190001488
59.3470001221
59.7850000858
61.0690000057
61.8000001907
62.6070001125
63.4490001202
63.5940001011
63.8609998226
65.1879999638
67.8770000935
68.6000001431
68.9979999065
69.0550000668
69.0610001087
69.6210000515
70.6319999695
70.7620000839
72.4070000648
72.5469999313
73.253000021
73.7939999104
74.4889998436
74.9179999828
75.3180000782
75.9549999237
76.125
77.6049997807
77.7730000019
78.0620000362
78.2150001526
80.8550000191
81.4440000057
81.5699999332
82.5009999275
83.0830001831
83.4259998798
84.0250000954
84.4400000572
84.5969998837
84.9440000057
85.0690000057
85.3899998665
85.5569999218
85.6369998455
85.8770000935
86.1210000515
87.0039999485
87.4509999752
88.4309999943
89.3469998837
90.004999876
92.6400001049
93.6129999161
95.378000021
95.9440000057
96.8819999695
99.3910000324
102.065000057
102.661000013
103.160000086
103.997999907
105.75
106.766000032
107.45299983
107.685000181
108.421999931
108.429999828
109.069000006
110.26699996
115.239000082
115.733999968
119.528000116
119.772000074
121.126000166
122.052000046
122.444000006
122.75999999
122.950000048
122.972999811
123.133999825
124.628999949
125.128000021
125.989000082
127.063999891
127.149999857
127.358999968
127.741000175
127.82799983
128.25999999
129.953000069
130.222999811
130.595000029
130.603999853
130.754999876
130.845999956
131.568000078
132.832000017
133.036000013
134.032999992
135.262000084
137.875999928
138.347000122
139.569999933
139.730999947
141.799999952
142.640000105
142.838000059
143.707000017
147.368000031
147.882999897
148.557999849
148.809999943
149.697999954
151.092000008
152.511000156
153.99000001
154.885999918
157.152999878
158.815999985
160.322999954
162.09100008
162.302999973
162.434999943
162.453000069
162.523000002
162.629000187
162.743999958
162.836000204
162.859999895
163.028000116
163.102999926
166.609000206
166.667000055
170.02699995
171.064999819
172.236000061
172.335999966
180.251000166
181.440000057
182.169000149
183.785000086
184.916000128
190.286000013
194.578999996
195.428999901
196.032000065
198.098999977
200.355000019
200.607000113
206.724999905
208.092000008
209.294999838
211.105000019
211.848999977
212.051000118
217.977999926
221.273000002
227.826999903
228.144999981
229.67200017
231.842000008
233.055999994
239.148999929
256.305999994
263.263999939
265.170000076
265.415999889
267.099999905
271.128000021
274.177000046
276.559999943
284.23300004
288.590999842
293.460000038
296.88499999
306.191999912
310.097000122
323.549999952
325.954999924
340.034999847
341.251000166
343.190000057
371.950999975
384.40199995
386.417999983
399.638999939
423.755000114
423.845000029
436.513999939
460.940999985
461.596999884
482.804000139
510.478999853
563.004000187
565.286000013
570.490999937
682.84100008
706.487999916
708.878999949
757.944000006
775.499000072
817.795000076
834.532000065
835.302000046
845.849999905
848.243999958
911.139999866
923.904999971
931.117999792
948.705999851
975.944999933
990.691999912
994.225999832
1008.00600004
1033.12900019
1215.11199999
