159.539000034
154.491999865
151.179999828
151.559999943
153.234999895
152.663000107
188.148999929
152.146000147
146.997999907
184.744999886
167.630000114
225.190999985
157.082999945
210.176000118
153.574999809
158.355999947
155.683000088
156.61500001
154.457000017
158.351999998
152.125
155.286999941
152.043000221
155.161999941
164.434000015
152.426000118
162.849999905
156.505000114
152.957000017
156.5
152.210000038
158.873999834
151.726999998
153.396999836
154.433000088
157.849999905
156.397000074
154.854000092
161.041999817
149.593999863
153.726000071
153.101000071
153.730999947
151.967000008
179.063999891
152.64199996
151.709000111
163.030999899
167.700999975
166.198999882
152.722999811
159.018000126
156.618999958
160.080999851
180.649999857
157.140000105
153.437000036
163.361999989
153.730999947
163.796999931
157.217000008
169.855999947
154.08100009
152.701000214
154.411000013
169.444000006
160.051000118
170.512000084
152.605999947
180.902999878
151.957000017
157.519999981
152.863999844
160.667999983
153.322000027
153.551000118
159.915999889
154.313000202
157.016000032
153.035000086
155.421000004
159.903000116
158.232000113
165.126000166
154.213000059
151.383000135
154.680999994
147.069000006
155.970999956
153.852999926
153.329999924
154.886000156
162.131000042
171.979000092
153.467999935
153.642999887
156.438999891
157.835000038
155.496999979
157.762000084
152.338999987
176.652999878
152.663000107
169.796999931
155.039999962
158.953000069
166.164000034
153.355999947
152.15899992
164.70600009
154.444999933
150.856999874
156.409000158
162.164000034
152.960999966
153.088999987
158.015000105
153.556999922
155.555999994
154.174000025
153.131000042
154.296999931
159.907000065
153.230000019
155.506000042
156.536000013
165.126999855
150.644999981
151.754999876
155.528000116
153.444000006
153.667000055
150.628999949
151.931999922
152.684999943
154.01699996
157.354000092
162.284999847
152.83100009
159.095000029
156.381999969
154.157999992
153.431999922
155.299000025
177.875999928
154.894000053
153.273000002
161.54399991
154.019000053
157.30700016
172.594000101
154.553999901
165.345999956
153.811000109
154.155999899
151.105999947
173.625
159.019000053
153.9150002
155.707000017
152.819999933
157.575000048
164.072000027
157.146999836
164.395000219
165.384000063
181.785000086
156.109999895
152.174000025
154.57400012
153.771000147
157.340000153
154.106000185
1069.61699986
154.963000059
161.796000004
153.037000179
152.397000074
167.474999905
158.305999994
152.503000021
152.094000101
153.615999937
170.177000046
151.863000154
153.666000128
161.126999855
152.803999901
156.789000034
161.054000139
150.017999887
184.88499999
168.151000023
153.025000095
171.291000128
152.745000124
154.743999958
152.366999865
171.161000013
156.670000076
154.220000029
158.006999969
158.351999998
153.769999981
170.809999943
154.830000162
225.645999908
150.773000002
154.777999878
149.476999998
154.515999794
151.427999973
153.248999834
158.868999958
160.80099988
153.335000038
154.583999872
155.080999851
152.201999903
147.786999941
150.710999966
154.441999912
156.653000116
153.169999838
160.927999973
153.421999931
155.022000074
158.785000086
158.838000059
172.911999941
168.341999769
153.776000023
172.03399992
152.79399991
153.472000122
176.726000071
150.462999821
158.302000046
148.577000141
154.177000046
154.772000074
150.095000029
150.631999969
153.09800005
156.531999826
156.478999853
154.128000021
157.867000103
160.394000053
151.937999964
200.524000168
155.338999987
359.196000099
154.606999874
154.126999855
160.325000048
152.15199995
156.33100009
216.345999956
537.806999922
149.848999977
158.271999836
154.500999928
152.068000078
157.638999939
150.555999994
153.839999914
170.592999935
156.088999987
154.528000116
175.239000082
150.770999908
156.239000082
151.559000015
153.144000053
154.468999863
163.072000027
153.78399992
155.759000063
164.58100009
157.184000015
154.457000017
152.77699995
156.008999825
167.052999973
148.096999884
154.447999954
154.691999912
150.368000031
148.869000196
319.337999821
153.311000109
143.299999952
149.727999926
150.70299983
154.961999893
157.402000189
156.937000036
161.13499999
162.634000063
153.625999928
151.023999929
154.888000011
150.930999994
155.90199995
151.321999788
329.06099987
160.794999838
152.911999941
169.641000032
154.485999823
155.026000023
147.926000118
153.457000017
154.167999983
153.453999996
155.822999954
153.446000099
163.623999834
177.835999966
155.373999834
140.779999971
161.255000114
303.121000051
151.075999975
169.494999886
156.580000162
155.687000036
154.095000029
153.927000046
214.317000151
166.694999933
156.515000105
155.243000031
155.495000124
151.24000001
160.087000132
153.911999941
150.183000088
154.756000042
150.306999922
153.296000004
169.04399991
163.943000078
159.995999813
153.757999897
150.055999994
153.730999947
169.437000036
149.400999784
160.43200016
153.868999958
167.907000065
159.393000126
152.608999968
153.775000095
154.610000134
155.414999962
149.016000032
157.157000065
157.523000002
146.773999929
150.734999895
159.304000139
187.277999878
165.506000042
162.947000027
157.392999887
156.223999977
153.920000076
152.971999884
214.029999971
154.903000116
146.069999933
153.567000151
152.920000076
150.666000128
153.460999966
153.777999878
152.938000202
161.845999956
154.802000046
216.567000151
153.732999802
156.572000027
155.316999912
145.978999853
156.5
162.777999878
162.212999821
156.133000135
160.60800004
152.688999891
150.90500021
152.254999876
149.541000128
156.437999964
172.801000118
153.372999907
165.13499999
151.695999861
175.700000048
152.656000137
152.733999968
178.965999842
154.996000051
152.204999924
172.226999998
156.815000057
151.595999956
155.862999916
150.129999876
153.667000055
155.786000013
152.522000074
154.578000069
153.105999947
152.105999947
158.787999868
153.907999992
151.600000143
155.704999924
168.589999914
147.79399991
151.351999998
154.482000113
148.901000023
149.904999971
156.146000147
152.414000034
153.552000046
154.631999969
174.219000101
155.792999983
167.651000023
156.029999971
149.992000103
151.019999981
155.986999989
149.861999989
153.502999783
243.934000015
158.085000038
151.430000067
152.177999973
153.572000027
154.33100009
154.002000093
152.812000036
152.165999889
153.46600008
155.06400013
209.539999962
172.89199996
149.35800004
154.451999903
175.730999947
159.93900013
152.636999846
159.434999943
155.848999977
154.078000069
151.994999886
157.897000074
154.491999865
156.372999907
154.854000092
151.919000149
609.31400013
151.305000067
150.825999975
154.180999994
147.820999861
156.009000063
172.792999983
150.648000002
155.368999958
148.81099987
150.118000031
162.622999907
152.440000057
160.81400013
155.567000151
155.128000021
174.137000084
151.928999901
159.866999865
151.812000036
173.529000044
151.891000032
152.552999973
154.106999874
153.642000198
155.434999943
160.203999996
153.842999935
153.889999866
155.36500001
151.22300005
152.674999952
155.35800004
155.711000204
152.707000017
151.128999949
153.919999838
154.013999939
173.503000021
152.893999815
153.83100009
158.970999956
165.694999933
160.822000027
154.667999983
157.75999999
155.247999907
212.490999937
174.877000093
151.631000042
157.727999926
152.891000032
155.340000153
157.323999882
151.557999849
153.371999979
152.059999943
164.545000076
155.549999952
153.687999964
155.788000107
151.372999907
151.976999998
153.338999987
151.356999874
153.322000027
151.325999975
157.243000031
208.112999916
149.975999832
152.292000055
189.691999912
207.713000059
169.473999977
157.570000172
155.65199995
151.888999939
155.075999975
155.828999996
157.520999908
154.478999853
157.775000095
153.444000006
153.226000071
152.558000088
199.76699996
160.183000088
149.963999987
186.766000032
151.753000021
152.181999922
154.894000053
153.192000151
152.684000015
153.268000126
154.873000145
153.090000153
166.311000109
153.374000072
154.812999964
166.950999975
153.378999949
154.402000189
167.575000048
154.181999922
149.811000109
157.296000004
157.236999989
157.25999999
219.604000092
150.944000006
157.250999928
153.270999908
215.784999847
157.203999996
160.195999861
149.91899991
153.269000053
149.996999979
153.234999895
166.052999973
155.271000147
154.195999861
157.837999821
151.481000185
160.825000048
159.356999874
154.579999924
151.728000164
150.834000111
151.65899992
164.291000128
157.032000065
149.635999918
158.234999895
156.805999994
163.361999989
154.926000118
150.686000109
149.546000004
154.585000038
156.684999943
152.756000042
167.986999989
155.136000156
154.496999979
151.430000067
163.540999889
150.732000113
151.338000059
163.700000048
151.817000151
150.720000029
151.421000004
224.864000082
151.799999952
151.505000114
158.119000196
141.979000092
157.503000021
154.389999866
155.197000027
168.822999954
154.362999916
156.899999857
149.532000065
150.102999926
150.552999973
151.527000189
157.187999964
152.91899991
152.950999975
154.312000036
151.151000023
152.890000105
154.67200017
156.507999897
152.811000109
152.58100009
162.693000078
156.825999975
152.051999807
154.731999874
169.726000071
152.030999899
151.207999945
153.710000038
260.518000126
156.688000202
156.737999916
157.282999992
152.798000097
152.778999805
151.25
151.01699996
148.192000151
169.672999859
156.970999956
151.229999781
150.378000021
185.383999825
156.438999891
150.9150002
239.809999943
151.058000088
154.924000025
156.542999983
153.488999844
148.812999964
150.210999966
152.549000025
156.519999981
165.667999983
157.572000027
153.059000015
145.648000002
153.361000061
156.304000139
156.417999983
150.707000017
157.010999918
153.75
150.593000174
154.104000092
149.070999861
149.975999832
150.539999962
153.446000099
154.059000015
152.200999975
153.243000031
150.512000084
150.887000084
150.374000072
150.773999929
149.705999851
151.965000153
140.06099987
155.907999992
280.144999981
153.986000061
153.286999941
151.621000051
150.261999846
151.875999928
151.582000017
192.225000143
155.548000097
151.477999926
150.095999956
146.99000001
150.437000036
160.730999947
153.180999994
149.110000134
152.411000013
176.976000071
152.759000063
152.459000111
146.129999876
151.847000122
149.642999887
152.355999947
150.713999987
152.278000116
152.266000032
155.532999992
150.93599987
149.103000164
158.155999899
161.29399991
172.181999922
152.945000172
150.470999956
154.519999981
162.171999931
154.70600009
149.256000042
150.901000023
163.292000055
159.444000006
154.657999992
158.851999998
154.236999989
151.856999874
162.743999958
154.617000103
149.736000061
157.963999987
147.338999987
150.268000126
154.571000099
155.363000154
208.913000107
138.796999931
154.549000025
155.580999851
161.744999886
165.479000092
152.015000105
152.013000011
154.513000011
157.282999992
152.008000135
172.208999872
154.534999847
249.072000027
150.511999846
150.678999901
150.234999895
149.648999929
150.567000151
154.540999889
148.825000048
150.162999868
149.375
154.506999969
150.694000006
165.64199996
148.743000031
152.300000191
151.929999828
184.941999912
148.161999941
156.694000006
154.593999863
150.41899991
154.432999849
151.891000032
163.204999924
151.393000126
154.406000137
151.770999908
153.955999851
150.334000111
150.163000107
148.99000001
334.95299983
150.368000031
150.451000214
149.077000141
176.763999939
154.703999996
154.639000177
150.043000221
156.312999964
150.171999931
154.190999985
176.366999865
149.663999796
155.372999907
170.184999943
149.052999973
157.150000095
159.259000063
150.032999992
154.387000084
151.787999868
150.371999979
149.400000095
154.894999981
151.82400012
150.363999844
157.015000105
148.849999905
152.491000175
149.950000048
151.738999844
151.237999916
161.75
154.858999968
154.261000156
154.268000126
150.009000063
162.868000031
151.688999891
149.885000229
169.23300004
169.944999933
150.361999989
154.256000042
154.151000023
157.847000122
150.244999886
154.203000069
149.039999962
150.129000187
150.223999977
151.249000072
149.31400013
150.194999933
151.621999979
161.496000051
149.803999901
149.453000069
152.225999832
150.198999882
151.588999987
147.812999964
150.165999889
149.90899992
148.980999947
153.943000078
149.995000124
155.872999907
153.518000126
159.822999954
151.121999979
150.174000025
149.76699996
153.946000099
156.878000021
140.146000147
158.874000072
149.070000172
155.171999931
158.767999887
155.085999966
148.645999908
150.107000113
151.530999899
154.162000179
151.511999846
190.549999952
220.265000105
151.098999977
192.768000126
169.390999794
153.991999865
192.557999849
151.876999855
151.460999966
150.147000074
151.51699996
150.947000027
148.730000019
151.415999889
152.213999987
151.404000044
192.009000063
151.434999943
153.93900013
149.974999905
151.389999866
153.907999992
148.933000088
151.747999907
168.40199995
155.763000011
151.411000013
151.062000036
153.901000023
158.441999912
152.105000019
151.008000135
161.99000001
149.125
151.756999969
166.388000011
149.763999939
148.906999826
156.549999952
153.833000183
148.769000053
153.71600008
148.599999905
153.81400013
149.818000078
157.169000149
149.855000019
169.855000019
153.802000046
151.248999834
215.538000107
195.941999912
149.42599988
178.635999918
149.695999861
151.567000151
154.789999962
154.343999863
149.707999945
149.611000061
149.420000076
155.237999916
153.6650002
153.713999987
157.833999872
156.483999968
172.201999903
151.111999989
149.496999979
149.663000107
151.441999912
154.153999805
149.69900012
148.476999998
148.58100009
151.607000113
167.946999788
151.039000034
166.404000044
158.238000154
154.184999943
156.359999895
150.476999998
150.106000185
150.441999912
149.540999889
180.170000076
150.427999973
143.329999924
153.449999809
151.502000093
153.491999865
153.957999945
178.203000069
157.979000092
148.171000004
150.809000015
149.164000034
151.309000015
149.244000196
162.026000023
163.641000032
150.919000149
153.099999905
150.131000042
146.891000032
153.25
152.988999844
153.553999901
153.031000137
147.337000132
152.429000139
150.238999844
153.779999971
154.120999813
150.32799983
149.332999945
145.220999956
154.930000067
156.522000074
155.821000099
149.325000048
153.549999952
157.787000179
150.721999884
155.131000042
160.630000114
156.717999935
154.526000023
154.565999985
152.842000008
156.154999971
153.905999899
