152.094000101
176.535000086
167.736999989
256.235000134
175.872999907
182.635999918
177.333999872
177.028999805
176.878000021
176.545000076
174.566999912
156.853000164
187.259000063
193.20600009
177.065000057
202.001999855
178.871000051
218.995000124
179.549999952
178.605999947
177.287999868
238.036999941
196.045000076
178.907999992
172.917000055
179.350000143
175.89199996
162.416000128
186.270999908
176.179000139
184.968000174
174.101999998
221.135999918
176.595000029
174.970000029
159.601000071
239.875
212.251999855
253.143999815
174.274999857
177.224000216
244.782000065
173.413000107
174.153000116
198.279000044
167.650000095
171.608999968
186.39199996
243.041000128
183.13499999
170.642999887
239.835000038
210.414000034
208.988000154
176.769000053
175.460000038
179.161999941
199.82400012
177.782999992
176.368999958
195.258000135
180.534000158
176.674999952
179.616999865
267.985999823
195.304000139
179.698999882
219.327000141
178.017999887
162.094000101
175.99000001
181.03399992
178.037000179
177.125
199.605000019
177.846000195
176.648999929
175.799999952
175.135999918
246.282999992
176.707000017
194.078999996
202.178999901
179.505000114
174.414999962
314.099000216
176.484000206
175.72300005
191.524000168
174.58100009
179.977999926
159.13499999
173.907999992
198.726999998
181.546000004
239.86500001
264.21999979
179.36500001
175.680999994
174.398000002
179.914000034
175.309999943
184.565000057
250.157000065
202.282999992
195.808000088
194.960000038
174.616999865
188.680000067
176.296999931
176.298000097
196.351999998
176.022999763
174.582000017
174.769999981
177.851999998
176.941999912
270.882999897
194.427999973
194.80099988
178.914000034
175.381999969
180.594000101
166.551000118
176.012000084
181.068000078
199.549999952
174.029000044
206.639000177
244.81799984
182.14199996
179.873000145
195.757999897
263.873000145
173.20600009
176.855000019
242.746000051
179.81400013
176.483999968
180.398999929
184.090999842
167.31099987
252.987999916
155.786000013
176.279999971
181.299999952
177.752000093
173.429000139
180.136999846
154.917999983
175.243999958
173.269999981
175.31099987
182.592000008
178.302999973
178.917000055
175.273000002
254.367999792
176.154999971
177.183000088
179.086999893
206.19299984
176.825999975
300.832000017
175.065000057
186.937000036
175.664000034
195.846000195
239.014000177
179.05700016
177.440000057
177.472999811
178.639000177
175.090000153
178.220999956
183.08100009
177.125
181.868999958
178.937000036
176.967000008
197.869999886
174.269000053
173.977999926
175.749000072
181.090000153
179.146000147
237.227999926
196.273999929
175.450000048
173.315999985
177.405999899
183.241999865
182.763999939
178.042999983
174.85800004
258.102999926
156.213999987
177.236999989
174.713000059
178.786999941
173.506999969
173.832000017
196.767000198
178.523000002
185.348999977
199.721999884
176.355000019
177.278000116
177.458999872
182.031000137
174.671000004
174.648000002
180.593000174
174.927000046
179.708999872
157.397000074
248.582000017
178.052000046
174.111000061
177.84100008
177.062000036
298.761000156
177.57799983
177.477999926
194.521999836
190.700000048
175.693000078
195.089999914
188.763000011
177.940999985
184.322000027
230.707000017
173.233999968
182.895999908
175.726999998
177.13499999
176.121999979
178.911000013
174.952000141
199.987999916
174.437999964
176.129999876
175.907000065
196.546000004
175.26699996
176.64199996
172.671000004
175.986999989
177.315999985
191.611000061
318.22300005
178.134000063
251.357000113
177.106999874
176.407999992
176.023000002
408.590999842
179.988000154
177.11500001
176.905999899
182.742000103
180.531000137
177.532999992
178.621999979
168.601999998
176.825000048
178.946000099
181.034000158
175.986999989
164.565000057
201.600999832
177.846000195
240.016000032
175.710000038
177.048000097
257.833999872
248.811000109
186.768000126
174.152999878
176.277999878
179.486999989
194.319000006
174.657999992
184.964999914
194.071000099
176.339999914
196.805000067
193.842000008
181.042999983
198.978999853
175.779999971
175.356000185
257.828999996
196.086999893
177.276000023
177.666000128
192.069000006
174.318000078
177.352999926
174.226000071
184.015000105
176.866999865
178.345000029
173.798000097
255.369999886
173.503000021
175.102999926
250.240999937
177.148000002
177.392999887
195.756000042
176.316999912
241.768999815
176.367000103
173.852999926
180.802999973
246.417999983
179.404999971
248.51699996
179.230999947
197.660000086
197.042999983
175.924000025
176.153000116
158.089999914
238.819000006
179.789000034
172.765000105
192.005999804
241.973999977
174.980999947
193.279000044
177.057999849
186.650000095
177.235000134
258.57799983
177.421999931
257.5400002
194.457000017
176.682999849
173.966999769
177.483999968
180.623999834
294.471999884
158.614000082
175.913000107
193.95600009
176.240999937
229.879999876
174.233999968
176.354000092
179.36500001
177.375
209.556999922
178.70600009
178.701000214
177.230999947
179.055999994
177.511000156
182.790999889
245.990999937
251.448999882
176.476999998
171.963999987
241.030999899
175.441999912
178.220000029
249.721999884
177.621000051
174.972000122
176.49000001
175.093999863
179.649999857
252.611999989
201.008000135
176.00999999
264.29399991
176.434999943
240.08100009
177.684999943
176.271000147
200.677000046
184.292999983
178.575999975
184.876999855
239.339999914
178.634000063
176.673000097
291.782999992
179.6650002
176.789000034
184.605000019
176.414999962
174.863999844
172.868000031
196.088000059
175.144999981
198.321000099
178.927000046
182.845000029
171.715999842
175.246999979
182.231999874
241.75
192.838999987
250.74000001
150.921999931
176.144999981
183.661000013
173.036999941
180.023999929
155.086999893
204.940000057
178.902999878
185.073999882
179.782999992
238.440000057
175.802000046
176.287999868
176.440999985
177.539999962
312.943000078
181.74000001
202.084000111
266.930000067
246.713999987
237.740999937
175.697000027
200.588999987
255.232000113
182.7900002
179.815999985
175.779999971
194.717000008
171.775000095
175.461000204
177.5
179.220999956
175.626000166
160.17599988
177.992000103
174.327000141
179.55099988
176.819000006
174.041999817
177.81099987
178.987999916
177.479000092
177.838999987
224.332000017
240.437000036
176.130000114
175.373999834
199.021000147
178.877999783
193.724999905
273.246000051
176.821000099
179.481999874
180.412999868
177.336999893
178.402999878
177.842000008
177.607000113
176.209000111
155.265000105
177.869999886
177.073999882
178.886999846
176.737999916
176.258999825
173.663000107
266.303999901
176.805999994
203.979000092
192.062999964
183.428999901
180.22300005
182.684999943
181.25999999
174.738000154
180.736000061
180.513000011
294.241000175
150.25999999
177.07799983
178.103999853
197.698999882
197.962000132
175.542999983
187.378000021
194.763000011
176.980000019
197.524999857
286.0849998
182.858999968
196.118999958
309.731999874
243.264999866
176.11500001
182.638000011
199.256000042
175.312999964
177.513999939
179.592999935
180.753000021
300.187000036
178.539999962
178.80700016
179.48300004
175.903000116
176.992000103
174.457999945
179.312999964
177.84100008
177.719000101
179.955000162
178.628000021
174.720000029
261.067000151
203.182999849
268.11500001
175.64199996
220.676999807
175.840999842
175.805999994
178.646000147
181.414999962
175.017999887
273.68900013
177.502000093
186.468000174
176.502999783
175.667000055
174.079999924
177.450000048
168.145000219
239.889999866
186.136000156
196.336999893
178.654999971
245.894000053
178.113000154
190.116999865
175.963999987
175.476999998
178.299999952
177.879999876
176.540999889
182.976999998
188.359000206
174.049000025
178.809000015
172.910000086
175.131000042
245.726999998
177.970999956
154.820999861
177.213999987
199.816999912
178.559000015
292.94299984
170.973999977
175.29399991
177.645999908
177.22300005
199.575999975
177.583000183
181.162999868
245.989000082
177.428000212
178.148999929
266.317000151
216.700999975
175.891000032
194.696000099
179.905999899
174.76699996
177.365999937
175.496999979
165.177000046
176.845999956
174.943000078
239.648000002
242.071000099
177.544000149
175.687999964
179.647000074
177.302000046
166.568000078
180.349999905
176.852999926
309.971999884
197.992000103
173.621000051
180.135999918
174.684000015
147.025000095
178.070000172
176.641000032
174.085999966
174.726999998
173.157999992
179.25999999
160.54399991
269.312000036
167.085000038
177.995000124
176.308000088
177.243999958
242.295000076
173.871999979
176.989999771
239.045000076
251.482000113
177.875
170.222999811
177.617000103
192.904999971
171.312000036
175.18900013
177.606999874
179.803999901
155.409000158
176.236000061
177.102999926
178.785000086
178.13499999
179.846000195
176.489000082
241.433000088
175.484999895
161.540999889
176.513000011
244.194000006
176.842999935
236.536999941
178.623000145
154.717999935
179.912000179
162.270999908
173.441999912
197.055999994
150.874000072
177.840000153
234.654999971
149.838999987
193.305999994
272.971999884
171.991999865
223.262000084
199.520999908
176.290999889
181.154999971
177.525000095
177.552999973
195.054999828
176.404999971
176.595000029
165.309999943
164.176000118
178.613999844
177.970999956
175.839999914
168.472000122
193.985000134
175.440000057
153.960000038
232.113999844
176.648999929
175.970999956
180.878999949
176.007000208
174.94299984
214.22300005
171.890000105
178.287000179
171.530999899
194.953999996
162.31799984
181.967999935
178.371999979
175.069000006
175.467999935
259.902999878
178.207000017
170.680999994
176.186999798
199.572999954
178.191999912
249.03000021
176.815999985
161.848999977
175.246000051
181.047999859
175.751999855
174.126000166
192.190999985
175.835999966
177.436999798
175.707000017
176.676000118
177.299999952
178.076999903
303.532000065
150.735999823
177.249000072
177.606999874
172.665999889
175.508000135
204.641000032
174.493000031
180.006999969
174.542000055
175.394999981
195.657999992
175.806999922
177.475999832
175.914000034
172.40199995
173.177000046
240.118999958
155.955999851
175.713000059
176.333999872
168.258000135
175.912000179
177.782999992
174.957999945
176.286999941
179.124000072
343.52699995
174.878000021
177.263000011
171.933000088
168.018999815
192.868000031
175.794000149
189.858999968
154.734999895
176.494999886
201.897000074
181.093999863
177.302000046
152.301000118
263.920000076
175.44299984
193.938999891
242.639999866
195.319999933
169.98300004
178.30700016
177.386999846
195.756999969
177.842000008
175.917000055
176.920000076
243.059000015
177.684999943
176.506000042
184.055999994
176.357000113
180.343000174
172.171000004
179.088999987
236.818000078
153.92599988
256.083999872
197.321000099
176.674999952
174.664999962
249.015000105
229.474999905
175.767999887
176.68900013
221.75
301.886999846
175.30099988
175.542000055
190.351999998
194.843000174
174.289000034
174.059999943
195.404000044
177.796999931
179.29700017
200.809999943
146.530999899
172.194999933
204.05099988
176.069000006
198.192000151
175.607000113
174.503999949
170.604000092
158.232000113
158.79399991
173.299000025
175.196000099
172.187999964
184.29399991
174.069999933
176.101000071
174.83100009
176.805000067
176.079999924
174.268000126
175.838000059
148.534000158
150.712000132
176.993000031
244.671000004
178.448999882
149.097000122
170.323000193
172.11500001
149.177000046
177.610999823
272.083999872
176.778000116
177.403000116
228.644999981
194.307999849
178.272000074
171.73300004
206.148000002
194.334000111
174.845999956
176.996000051
180.625
153.596999884
245.812999964
241.299000025
174.048000097
254.775000095
197.734999895
171.817000151
176.399999857
201.670000076
179.576999903
174.611999989
179.210000038
180.718999863
249.61500001
177.496000051
177.000999928
174.215000153
176.39199996
176.023999929
173.291000128
215.221000195
170.858999968
147.02699995
295.240999937
175.660000086
174.475000143
177.256999969
197.345999956
194.77699995
256.881999969
200.380000114
172.095999956
239.93599987
168.480999947
150.35800004
151.138000011
152.806999922
175.34800005
215.986999989
146.75
149.80700016
177.687999964
174.726999998
256.442000151
146.226000071
150.950000048
184.649999857
171.56400013
197.305999994
176.398999929
197.56799984
265.397000074
175.307999849
193.411000013
172.754000187
173.96600008
243.213000059
194.028000116
235.688999891
194.802000046
176.864000082
148.746000051
176.677999973
191.753000021
150.99000001
147.479000092
181.107000113
173.734999895
174.266000032
176.071000099
253.523999929
177.742999792
199.320999861
151.636000156
160.085000038
174.661999941
214.621000051
175.252000093
251.850000143
174.69900012
300.888999939
174.51699996
175.851999998
171.545000076
147.226999998
171.655999899
175.144000053
158.078999996
173.832000017
149.92599988
299.246000051
175.717000008
180.436000109
149.016000032
149.384000063
187.500999928
171.713999987
208.998000145
173.255000114
169.527999878
166.262000084
174.686000109
257.036999941
154.306999922
216.001000166
173.82400012
146.721999884
149.555999994
173.095999956
256.667000055
175.728000164
168.712000132
175.122999907
195.997999907
222.343999863
177.159999847
209.279999971
177.243999958
237.111000061
207.93200016
182.996000051
158.038999796
148.720999956
177.185000181
150.652000189
149.588000059
169.571000099
171.218000174
149.332999945
180.740999937
174.803999901
176.045000076
156.964999914
146.697000027
174.029999971
173.467000008
147.588999987
176.036999941
155.978999853
266.827000141
176.296999931
174.077000141
154.627999783
174.059999943
177.90199995
173.624000072
176.371000051
175.585999966
154.023000002
174.275000095
197.129999876
239.828000069
177.568000078
250.960000038
149.636999846
174.355999947
174.875
151.703999996
157.329999924
172.114000082
146.889999866
150.285000086
150.245000124
172.544000149
175.70600009
176.167999983
149.420000076
149.338000059
147.694999933
148.545000076
177.161000013
170.243999958
186.532000065
150.276000023
219.511000156
148.853000164
343.217999935
176.478000164
152.742000103
178.934999943
177.587999821
199.549000025
240.809000015
167.000999928
174.243999958
188.825000048
174.111999989
184.937999964
178.137000084
178.075000048
238.957999945
169.67200017
170.0
173.808000088
244.81099987
171.965999842
173.654999971
186.68599987
149.140000105
182.421000004
173.335999966
157.559000015
149.994999886
175.64199996
195.254999876
264.075999975
145.888999939
149.696000099
174.630000114
149.428999901
174.526000023
172.733999968
173.71600008
231.974000216
151.719000101
149.19900012
147.389999866
171.742000103
175.503999949
146.726999998
167.267999887
173.361999989
150.68599987
177.360999823
172.491000175
147.022000074
150.869999886
173.510000229
150.954999924
177.153999805
149.260999918
174.280999899
175.507999897
170.108999968
145.883999825
177.130000114
153.186000109
245.236000061
175.093999863
174.580000162
151.5
149.532999992
165.626999855
235.947000027
228.589999914
151.371000051
197.539999962
153.394000053
149.338000059
177.186000109
169.613000154
149.127000093
158.873999834
172.866000175
172.136000156
252.730000019
206.700000048
216.933000088
176.231999874
167.90199995
222.338000059
149.111000061
155.042000055
245.007000208
145.082000017
150.605000019
179.851999998
172.740999937
172.432999849
169.068000078
150.130000114
154.889000177
177.359999895
172.067000151
174.945000172
212.886999846
178.714999914
176.345000029
150.577000141
149.309000015
191.864000082
149.097999811
151.990999937
149.298000097
145.983999968
144.703999996
190.445000172
174.592000008
151.568000078
151.075000048
179.28399992
179.621999979
150.148000002
188.577000141
197.176999807
144.59499979
246.264999866
227.654000044
144.594000101
168.015999794
151.434999943
166.184000015
150.720999956
149.605999947
148.44900012
170.121999979
148.16899991
152.051000118
149.167999983
172.054999828
170.261999846
152.578999996
166.740999937
157.303999901
254.381000042
147.978000164
149.235999823
261.937000036
191.290999889
152.025000095
187.892999887
172.279999971
151.609999895
177.463000059
149.115999937
148.684999943
175.848999977
172.100000143
174.391000032
169.003000021
148.68900013
170.420000076
171.72300005
223.770999908
171.012000084
149.707000017
149.894999981
146.396999836
150.437999964
150.361000061
173.655999899
148.394999981
144.05099988
153.662999868
195.511000156
150.076999903
235.902000189
187.540999889
174.544999838
171.740999937
172.190999985
172.643000126
174.346999884
147.24000001
171.498000145
174.509000063
234.861000061
152.70299983
171.973999977
171.181999922
174.138999939
172.152999878
181.298000097
149.466999769
168.802999973
174.279999971
149.072000027
267.976999998
152.079999924
172.157000065
156.078999996
168.009000063
152.805000067
148.299000025
147.333999872
195.901000023
157.627000093
229.138000011
153.899999857
168.766000032
260.085000038
145.070999861
220.406000137
154.302000046
227.596999884
151.726999998
151.09499979
166.963999987
229.417999983
145.898000002
154.263999939
148.079999924
227.741999865
249.74000001
210.243000031
148.290999889
171.855999947
148.689999819
149.637000084
149.431999922
238.796000004
218.950999975
148.648000002
149.707999945
150.938999891
145.046000004
153.085999966
172.837999821
148.222000122
194.222000122
172.378999949
157.503000021
228.445999861
249.236999989
216.884000063
148.529000044
168.224999905
151.106999874
154.943000078
198.029000044
149.444000006
191.871000051
178.541999817
144.223999977
148.120000124
172.145999908
172.961999893
173.573000193
146.536000013
171.996999979
174.105000019
147.905999899
152.569000006
166.740999937
237.562999964
149.970000029
175.254999876
150.322999954
149.940999985
167.986999989
152.407999992
149.599999905
147.773000002
169.891000032
153.35800004
150.741999865
236.09800005
153.989000082
149.446000099
150.071000099
148.806999922
163.121000051
166.608999968
151.825999975
153.357000113
150.598999977
149.232000113
144.835999966
167.394999981
243.747000217
152.095000029
181.768000126
175.25999999
169.006999969
154.085000038
178.784999847
150.198999882
147.57400012
157.645999908
167.223999977
167.911000013
150.996000051
251.696000099
148.678999901
212.847000122
146.551000118
147.601999998
170.566999912
154.132999897
172.446000099
150.33100009
151.649999857
154.59800005
145.630000114
174.039000034
156.506000042
151.712000132
168.911000013
158.781000137
172.476000071
147.164999962
146.559000015
152.049000025
183.436000109
242.118999958
153.850000143
148.961000204
182.477000237
189.255000114
172.415999889
215.265000105
153.98300004
172.601999998
146.615999937
149.434000015
163.131999969
219.746000051
193.819000006
148.197999954
172.181999922
151.937999964
150.15199995
166.411999941
147.106999874
144.859999895
149.237999916
239.263000011
146.634000063
154.621999979
159.634000063
213.421000004
196.437999964
151.219000101
168.76699996
192.390000105
171.772000074
149.260000229
173.539000034
146.921999931
156.669000149
146.846999884
149.073999882
148.786000013
169.144000053
214.594000101
148.970000029
149.312999964
147.901000023
244.154999971
234.059999943
229.598999977
217.763999939
168.108999968
147.34800005
230.770999908
147.513000011
178.357000113
150.305000067
157.381999969
151.103000164
145.381999969
146.75
149.618000031
152.639000177
146.167999983
168.277999878
149.437000036
147.391000032
149.208000183
148.374000072
149.088000059
168.394000053
147.217999935
154.973999977
147.489000082
175.148999929
226.59100008
156.15199995
169.221999884
146.340999842
145.868000031
161.417000055
153.491999865
168.854000092
150.465000153
147.190999985
173.830000162
166.444999933
148.887000084
285.940999985
169.830999851
150.38499999
172.078000069
163.893999815
149.281000137
154.592000008
148.361999989
147.299000025
150.062999964
146.761999846
147.119999886
151.286999941
247.99000001
253.190999985
174.960999966
149.491000175
171.765999794
147.064999819
168.695000172
149.640999794
211.950000048
194.515000105
147.888999939
169.542999983
147.601999998
150.919000149
149.861000061
149.792000055
142.506999969
248.74000001
148.617000103
151.23300004
215.836999893
147.330999851
234.816999912
149.57400012
165.281000137
152.013999939
148.815000057
148.126999855
146.71600008
167.545000076
173.608999968
150.757999897
147.002000093
232.519000053
211.809999943
147.635999918
172.012000084
146.878000021
147.537000179
148.687999964
170.474000216
148.772000074
154.495999813
145.617000103
145.788000107
149.947999954
148.61500001
171.464999914
232.708000183
145.734999895
146.786000013
147.364000082
274.898000002
146.386000156
152.099999905
146.006000042
147.811000109
178.190000057
147.733999968
147.342999935
148.089999914
224.56099987
147.514999866
148.950999975
161.726000071
167.173000097
149.749000072
232.530999899
206.508000135
237.128000021
150.472999811
148.273999929
147.096999884
147.610000134
179.644999981
145.325999975
146.885999918
175.847999811
216.246000051
146.174000025
173.770999908
168.038000107
175.75
196.578000069
218.964999914
146.905999899
159.25999999
172.325000048
215.027000189
173.705999851
146.614000082
174.109999895
151.694999933
144.849999905
147.999000072
188.692000151
146.177999973
171.504999876
146.684000015
166.28399992
148.791999817
152.136999846
146.776000023
148.444999933
145.973999977
166.618999958
148.756999969
150.710999966
167.717000008
170.855000019
151.085999966
152.775000095
171.214999914
145.476000071
148.676999807
145.345000029
148.71999979
145.764999866
146.212999821
152.984000206
147.128000021
206.751999855
166.348999977
230.187999964
222.726000071
262.315999985
146.843000174
148.888000011
151.563999891
150.618999958
147.795000076
175.200000048
142.868999958
147.381000042
188.640000105
176.25999999
148.371000051
150.112999916
145.20299983
145.865999937
149.06400013
216.150000095
172.036999941
148.24000001
167.68599987
188.239000082
160.089999914
154.878999949
229.667999983
146.811999798
146.236999989
148.129000187
152.210999966
167.613999844
171.851999998
327.051000118
150.210000038
148.779000044
168.15899992
152.494999886
175.400000095
210.717999935
243.943000078
168.595999956
192.81799984
146.743000031
169.845000029
168.650999784
147.437999964
367.276000023
168.26699996
215.650000095
149.587000132
141.76699996
174.526000023
150.227999926
146.125
165.964999914
144.477999926
144.871999979
146.453999996
145.315000057
162.215999842
145.454999924
214.06799984
170.828999996
148.052999973
146.001999855
152.332999945
230.914000034
150.937000036
151.082999945
168.226999998
221.684000015
235.67599988
186.245000124
147.590999842
151.791000128
147.224000216
145.538000107
145.599999905
146.269000053
221.84100008
148.871999979
169.161000013
171.782000065
149.763999939
146.037999868
249.457999945
144.939999819
171.339000225
152.499000072
190.171000004
172.858999968
168.717999935
147.044999838
145.947999954
164.116999865
152.478999853
154.404999971
161.765000105
151.23300004
169.902999878
157.597000122
168.900999784
146.71600008
169.35800004
166.825000048
155.580999851
245.497999907
170.213999987
175.544000149
146.638000011
141.430000067
144.377000093
149.078999996
148.651000023
170.618000031
171.531000137
146.292999983
214.829999924
146.653999805
174.625999928
238.460000038
148.385999918
149.085999966
145.476000071
147.767999887
172.478999853
152.112999916
145.545000076
213.913000107
155.644999981
148.31799984
177.157000065
140.907999992
167.542999983
151.437000036
206.618999958
164.667000055
146.930999994
145.601999998
262.20600009
147.75999999
145.809000015
147.693000078
145.454999924
237.014999866
161.764999866
232.239000082
147.867000103
386.934000015
147.935000181
145.88499999
145.263999939
145.703999996
167.830999851
146.295000076
185.971999884
146.817000151
150.178999901
155.640999794
169.732000113
173.911999941
168.476999998
145.680999994
145.588000059
224.257999897
218.445999861
142.332000017
145.348999977
145.468000174
146.263000011
146.718000174
149.871999979
152.596999884
145.820999861
148.625999928
160.858999968
224.200000048
147.210999966
145.947999954
147.227999926
213.39199996
147.937000036
147.885999918
173.29399991
146.934999943
141.704999924
149.289999962
171.850000143
166.236000061
150.156000137
219.605000019
222.707999945
188.143000126
148.010999918
144.648000002
169.648000002
152.393000126
155.78399992
164.68599987
240.84800005
162.861999989
159.976999998
146.452000141
147.236000061
193.138000011
147.094000101
146.69900012
148.004999876
145.289999962
152.575000048
148.088999987
148.401000023
146.687000036
173.414000034
147.363999844
155.261999846
147.105000019
152.769000053
239.564999819
193.353999853
147.644000053
151.564999819
212.388000011
152.644000053
149.842000008
164.108999968
144.838000059
145.993999958
175.976999998
279.667000055
154.073000193
172.152999878
149.851999998
153.870000124
226.802999973
153.205999851
165.914999962
169.652999878
156.112999916
166.273999929
150.152999878
185.858999968
145.338000059
164.762000084
145.336999893
169.171999931
149.292999983
146.195000172
145.747999907
172.381000042
148.132999897
305.700999975
147.889000177
150.679000139
147.451999903
143.756999969
146.387000084
148.195000172
165.098999977
146.425000191
218.500999928
164.779000044
165.876000166
170.664999962
165.428999901
190.275999784
149.457000017
147.778000116
181.51699996
229.141000032
172.994999886
170.251999855
216.194000006
151.100999832
171.403999805
194.873000145
146.111999989
148.241000175
151.724999905
148.492000103
146.92200017
146.527999878
172.651000023
165.848999977
220.584000111
150.175000191
148.289999962
144.690000057
221.292000055
145.546000004
167.82400012
145.782999992
164.738999844
180.570999861
166.868000031
171.113999844
170.944000006
147.634000063
145.717999935
288.561000109
152.198000193
145.412999868
148.595999956
148.380999804
147.253999949
164.34800005
222.539999962
223.474999905
164.884000063
216.208999872
149.648000002
149.2900002
150.560000181
146.329999924
149.904999971
147.696000099
240.395999908
149.545000076
227.036000013
168.201000214
165.541000128
150.474999905
145.953999996
148.381000042
229.991999865
195.90899992
170.708000183
146.707000017
240.503999949
163.623999834
144.739000082
145.931999922
155.565999985
147.704999924
146.889000177
190.973999977
146.648999929
149.931999922
218.75999999
147.601999998
146.148000002
165.843999863
275.010999918
142.551000118
146.225999832
151.805999994
141.421000004
166.712000132
170.400000095
145.240999937
146.137000084
240.43900013
169.625
230.417000055
202.394000053
225.552000046
146.895999908
148.131999969
148.702000141
143.322000027
149.162000179
166.605999947
141.642999887
147.645999908
165.830999851
147.687999964
146.00999999
151.458999872
145.463999987
141.556999922
244.213000059
145.64199996
146.32400012
144.805000067
147.93599987
168.880000114
151.669999838
222.051999807
146.854000092
147.787000179
147.842000008
147.846999884
144.461999893
148.327000141
161.933000088
223.289999962
147.5
157.684000015
148.486000061
148.606000185
147.016000032
158.740999937
147.932999849
150.012999773
150.099999905
148.006999969
145.447999954
221.196000099
171.883000135
184.356000185
147.681999922
146.975000143
149.568000078
147.174000025
236.659999847
143.510999918
147.842000008
147.275999784
147.403000116
171.388000011
252.624000072
175.237999916
169.999000072
150.089999914
147.370999813
150.233999968
148.414999962
151.289999962
148.115999937
147.84100008
157.312000036
145.940000057
147.924000025
151.213000059
147.673000097
150.178999901
145.474999905
182.630000114
217.839999914
151.68200016
217.271000147
144.819000006
172.33100009
165.111000061
149.980000019
148.111999989
215.857000113
227.807999849
147.437000036
147.305999994
152.391000032
151.923000097
266.549999952
168.769999981
258.556999922
215.694000006
167.063999891
143.667000055
142.190000057
150.162000179
152.937000036
152.421999931
162.312999964
146.946000099
142.9150002
146.154000044
150.337000132
167.983999968
150.531999826
141.990999937
142.00999999
149.203000069
147.437000036
171.213000059
161.506999969
148.795000076
168.35800004
161.654999971
219.973999977
149.065999985
159.664000034
250.952000141
170.006000042
142.799000025
147.35800004
214.657999992
145.796000004
163.906000137
169.277999878
166.746000051
145.938999891
167.218999863
167.036000013
169.539999962
142.34499979
156.232000113
162.993000031
141.758999825
169.200000048
156.467999935
163.878999949
217.797999859
149.18200016
167.772000074
186.082000017
142.642999887
234.318000078
166.788000107
144.614999771
147.307999849
167.062999964
244.736999989
146.117999792
163.471999884
144.477999926
171.773000002
149.897000074
144.667000055
166.959000111
168.764999866
217.547999859
145.318000078
166.988000154
142.427999973
200.223999977
147.401000023
151.84800005
307.527000189
145.82400012
167.131999969
220.157000065
163.069000006
248.047999859
146.22300005
146.883000135
167.309000015
243.760999918
145.598999977
166.306999922
146.315000057
144.659999847
161.782000065
149.309000015
206.74000001
163.088000059
167.092999935
162.25
151.357000113
145.680999994
170.195000172
145.743999958
236.847000122
148.534999847
168.102999926
170.401000023
166.295000076
151.09800005
207.832000017
149.569999933
153.213000059
207.219000101
254.96999979
164.486999989
163.140000105
148.547999859
162.549000025
142.084000111
211.312999964
144.344000101
142.157999992
194.075000048
144.778000116
145.816000223
148.412000179
148.496000051
144.592999935
284.007999897
164.165999889
145.066999912
166.157000065
149.845999956
219.901000023
169.815999985
227.026000023
210.598999977
147.036000013
164.927000046
149.478999853
163.934999943
149.309999943
225.744999886
144.909999847
164.957000017
151.698999882
147.000999928
149.241999865
168.65199995
167.5
143.343000174
171.830999851
148.085999966
146.243000031
162.016000032
149.762000084
244.272000074
218.816999912
164.523000002
164.006999969
145.771000147
165.138000011
141.878999949
161.392999887
145.888999939
150.355999947
166.693000078
171.411999941
316.735000134
144.061000109
149.217000008
168.931999922
167.233999968
170.394000053
141.781999826
150.150000095
184.181999922
149.996000051
147.298000097
144.864000082
218.13499999
169.063999891
149.151000023
212.471999884
165.989000082
144.425000191
222.663999796
148.49000001
172.038000107
150.253999949
142.545000076
186.161000013
147.978999853
151.41899991
237.278000116
208.219000101
167.201999903
145.053999901
148.721999884
151.164999962
217.358999968
212.448000193
168.898000002
141.355999947
172.271000147
165.532999992
151.967999935
165.925000191
173.673000097
155.075000048
167.417000055
171.512000084
161.651000023
138.744999886
141.937999964
197.413000107
142.004999876
148.75999999
149.473999977
147.985999823
174.542999983
144.407999992
144.249000072
149.226999998
153.08100009
149.518000126
145.631000042
163.745999813
168.513000011
148.901000023
234.662000179
211.275000095
148.843000174
152.036000013
142.226999998
152.025000095
146.338000059
170.213000059
147.302000046
157.115999937
240.567000151
168.960000038
176.444000006
153.049999952
149.138000011
153.486999989
152.464999914
167.453000069
144.759000063
146.987999916
145.748000145
161.86500001
182.42599988
148.529000044
148.057999849
162.374000072
152.656000137
143.28399992
228.17599988
169.757999897
149.763999939
144.07400012
152.039000034
144.898000002
161.381999969
150.825000048
150.328999996
247.563999891
215.012000084
169.291999817
142.345999956
168.681999922
144.815000057
177.587000132
142.338000059
152.553999901
150.55099988
145.524000168
206.819000006
214.504000187
141.517999887
145.199999809
192.732000113
166.515999794
148.258000135
170.246000051
176.789999962
163.894999981
166.696000099
150.845000029
148.108999968
144.933000088
199.700000048
167.94900012
207.365999937
149.177000046
152.28399992
150.669000149
328.020999908
162.430999994
142.217999935
166.203999996
229.319000006
150.624000072
144.481999874
169.298000097
149.180000067
149.791999817
167.277999878
150.887000084
154.890000105
149.464000225
162.590000153
146.726000071
226.709000111
171.610000134
171.665999889
204.332999945
136.595999956
226.804000139
149.861999989
150.621999979
145.098999977
145.949999809
142.092999935
151.279999971
171.458000183
168.458999872
151.549999952
171.886000156
164.736999989
147.607000113
308.944999933
173.875999928
173.667999983
147.036000013
149.506999969
228.226999998
148.415999889
148.521000147
137.233999968
138.878999949
166.646999836
149.234999895
153.15899992
149.96600008
147.695000172
207.434999943
175.049999952
165.937000036
207.463999987
149.697000027
150.215000153
164.485000134
232.382000208
166.44900012
156.561000109
211.141000032
147.000999928
138.927999973
146.318000078
142.207000017
151.184999943
257.224999905
176.896000147
221.362999916
141.816000223
156.857000113
213.862999916
145.773999929
146.013999939
247.773999929
148.286000013
162.469000101
158.707999945
176.404000044
141.724999905
170.755000114
160.779999971
151.680000067
163.146999836
143.927999973
161.782999992
183.05099988
150.089999914
149.370000124
141.741000175
162.193000078
167.281999826
172.729000092
168.988999844
156.010999918
150.136999846
219.822000027
148.787999868
147.486000061
165.554000139
168.535000086
145.059000015
151.88499999
213.938999891
276.136000156
214.495000124
219.328000069
152.575999975
145.763000011
144.063000202
162.399999857
149.540999889
142.680000067
149.361999989
149.876999855
150.174000025
152.765999794
148.942000151
161.881000042
148.660000086
242.34800005
143.933000088
161.980999947
143.642999887
145.040999889
139.924999952
162.101999998
143.046000004
142.253999949
163.598999977
143.57799983
172.595000029
163.66899991
162.573999882
169.976000071
147.185000181
144.105000019
147.84800005
151.480000019
161.805999994
207.382999897
172.650000095
165.110999823
161.755999804
138.455999851
161.492000103
164.94299984
148.876999855
183.61500001
146.532999992
212.239999771
151.680999994
139.773000002
168.732000113
137.688999891
162.044000149
162.234999895
149.888999939
157.662000179
236.235000134
161.578000069
167.135999918
145.575000048
145.210000038
161.871999979
152.527999878
147.305000067
145.369999886
219.056999922
248.593999863
148.786999941
154.259000063
182.861000061
151.114000082
272.503000021
169.819000006
184.832999945
168.468999863
146.26699996
159.414999962
148.480000019
149.355999947
169.332000017
164.727999926
145.472000122
165.869999886
148.166999817
161.763000011
159.703000069
157.629000187
144.772000074
150.532000065
151.323999882
150.495000124
143.217999935
162.982000113
149.702000141
217.334000111
150.284000158
161.932999849
144.803999901
153.958999872
149.355999947
149.309999943
147.619999886
220.201999903
219.345999956
161.546000004
150.248000145
157.064999819
147.391000032
148.290999889
148.537000179
169.754999876
147.807999849
146.802000046
147.027000189
147.498000145
149.480999947
152.01699996
145.055000067
150.94900012
149.059999943
149.003999949
141.075999975
150.892999887
145.160000086
149.230999947
166.11500001
146.117999792
195.684000015
165.556999922
211.733999968
148.703999996
141.691999912
272.90899992
161.271999836
146.796000004
155.378999949
142.695999861
145.149999857
148.092999935
149.311000109
190.450000048
212.654999971
162.026000023
145.914000034
246.611000061
145.502000093
162.278999805
146.245000124
145.941999912
148.179999828
144.254999876
146.322000027
165.59800005
145.491999865
248.368999958
142.452000141
137.739999771
141.632000208
175.730000019
228.048000097
150.912999868
141.888000011
221.994999886
149.80700016
151.725000143
184.010999918
149.243000031
173.54399991
136.937999964
152.358999968
166.046000004
228.23300004
236.568000078
147.97300005
145.700000048
152.440999985
212.552000046
215.913000107
149.405999899
166.682999849
142.559999943
160.587000132
233.023000002
161.64199996
204.051000118
235.028000116
149.638000011
151.084000111
142.032999992
151.859999895
165.713000059
161.569000006
227.518999815
136.504000187
188.978999853
164.348999977
141.552999973
162.688999891
149.121000051
151.050000191
158.593999863
141.955999851
171.315999985
147.49000001
149.446000099
143.828999996
158.592999935
148.66899991
151.764000177
155.424999952
149.375999928
166.241000175
220.993000031
153.606000185
221.875
156.832000017
144.723999977
147.105999947
377.034999847
144.687000036
211.503999949
229.097999811
222.355999947
141.590000153
150.125
161.914000034
144.400000095
142.119999886
149.996999979
142.239000082
170.719000101
141.977999926
240.072999954
212.126000166
162.608999968
184.626999855
197.217000008
136.875
223.74000001
151.203000069
149.467999935
149.056999922
145.203000069
159.511000156
144.51699996
174.690999985
161.778000116
138.245000124
175.286999941
177.630000114
136.933000088
147.350000143
145.828000069
150.441999912
247.467999935
165.106999874
163.199999809
168.74000001
165.069999933
227.117000103
171.391000032
190.269000053
152.552000046
165.098999977
145.63499999
143.736999989
176.24000001
150.351000071
138.718999863
165.892000198
150.095000029
160.09800005
149.254999876
148.965999842
205.75999999
152.343999863
151.40199995
149.760999918
156.862999916
152.063999891
141.18200016
161.802000046
162.993999958
145.771000147
220.252999783
145.032000065
260.614000082
137.930000067
168.244000196
140.119000196
146.484999895
219.078999996
191.157000065
239.188999891
148.073999882
211.25999999
172.930000067
144.167999983
183.359999895
151.346000195
140.161000013
173.315999985
157.14199996
149.134000063
159.838000059
164.358999968
144.685000181
282.539000034
146.975000143
149.253000021
214.588999987
146.889000177
226.082999945
159.53399992
149.661999941
149.563999891
173.338000059
241.082999945
146.019999981
149.993999958
248.214999914
157.789999962
137.35800004
148.3349998
158.680000067
150.046000004
149.467999935
230.076999903
157.072999954
149.404000044
148.255000114
149.013000011
151.866999865
163.013999939
153.053999901
175.926000118
148.861000061
151.251000166
149.243000031
142.086999893
147.431999922
152.379999876
152.095999956
149.370000124
221.604999781
150.53399992
149.835999966
150.608999968
153.592000008
149.750999928
150.220999956
149.531999826
173.916999817
217.196999788
169.480999947
148.566999912
145.119999886
156.789999962
152.959000111
151.419999838
145.164999962
147.809999943
171.288999796
147.562000036
152.288000107
152.621000051
149.053999901
227.635999918
166.183000088
242.005000114
162.038000107
151.217000008
150.222000122
148.162000179
218.440999985
152.432999849
178.654999971
148.241000175
147.763000011
149.002999783
168.75
174.083000183
148.922999859
152.342000008
147.101000071
146.761999846
148.964999914
149.542000055
149.746000051
169.239000082
243.595999956
149.307999849
176.254000187
149.475999832
152.45299983
241.636999846
146.924999952
149.157000065
163.838999987
243.710999966
147.559999943
148.613000154
150.470000029
148.676000118
148.782000065
148.911999941
146.503000021
148.93200016
168.210999966
154.069000006
184.475999832
148.244000196
163.95600009
150.322000027
157.025000095
219.102999926
156.594000101
166.887000084
148.595999956
147.381999969
221.134000063
350.798000097
149.41899991
149.424999952
153.305000067
148.780999899
170.98300004
155.138000011
160.899999857
169.95600009
158.559999943
150.572999954
148.762000084
148.940999985
173.105000019
250.450000048
221.45600009
151.986999989
148.728000164
149.327000141
150.825000048
148.11500001
211.271000147
152.603000164
145.963999987
176.197999954
145.836999893
144.391000032
167.465999842
149.059000015
165.476000071
144.867000103
150.419000149
220.555000067
151.480000019
158.600000143
208.049000025
178.335000038
151.348999977
149.013000011
148.211999893
148.744999886
149.951999903
214.938999891
150.861000061
146.546999931
153.228000164
147.825000048
146.104000092
147.087000132
149.652999878
147.290999889
148.746999979
149.811999798
145.411999941
145.914999962
149.269000053
177.194000006
146.44900012
151.012999773
164.055000067
145.401000023
145.826999903
214.483999968
151.09800005
149.995999813
148.459000111
304.508999825
151.080000162
146.125
148.74000001
139.736000061
153.549999952
225.448999882
146.066999912
167.335999966
148.366999865
175.901000023
216.781999826
145.070999861
178.036000013
226.286000013
150.773000002
166.734999895
144.5
230.945000172
149.960999966
145.613999844
147.854000092
146.296999931
146.843999863
173.838999987
161.510999918
255.44900012
185.273000002
152.907000065
147.345999956
153.20600009
140.583999872
144.645000219
148.388999939
146.023000002
152.805000067
151.067000151
166.459000111
150.006999969
144.84100008
152.01699996
147.163999796
150.749000072
145.789000034
146.427999973
149.049999952
148.700999975
170.247999907
139.022000074
147.768000126
140.11500001
304.555000067
139.336999893
243.940000057
207.179999828
144.184999943
230.920000076
143.233999968
165.503000021
145.590000153
149.381000042
156.792999983
163.340000153
140.231999874
204.986999989
157.355000019
213.998999834
150.217000008
146.75
149.256000042
145.24000001
149.157999992
151.204999924
152.907999992
144.569000006
151.923000097
148.586999893
182.713000059
148.794000149
154.955999851
148.937000036
150.462000132
172.407999992
154.132999897
148.881999969
144.312999964
148.98300004
160.75999999
147.506999969
149.01699996
209.455999851
141.70299983
147.046000004
146.981000185
151.287000179
150.830000162
146.090000153
156.177999973
146.983999968
168.125
147.563999891
271.467999935
224.318000078
144.853999853
122.649999857
15.8120000362
14.3500001431
103.993999958
