33.2019999027
60.6989998817
60.876999855
60.1119999886
60.4259998798
59.6950001717
60.7879998684
59.8970000744
59.5729999542
60.2709999084
59.9000000954
60.3499999046
61.8989999294
59.631000042
60.4130001068
59.7899999619
60.2009999752
60.3370001316
60.8919999599
59.8819999695
59.7660000324
59.7559998035
60.5529999733
61.3650000095
137.269999981
59.6710000038
58.8359999657
61.1400001049
59.3279998302
60.5299999714
58.8659999371
60.9539999962
59.4340000153
60.7760000229
59.8020000458
61.0150001049
59.6559998989
62.6180000305
60.2179999352
61.2769999504
60.3420000076
60.0859999657
60.1340000629
57.9330000877
60.2750000954
59.9379999638
60.7730000019
47.5110001564
58.1089999676
371.013999939
58.996999979
60.387999773
58.8699998856
61.7699999809
60.6679999828
58.8619999886
59.8090000153
60.2160000801
59.2709999084
60.8579998016
59.9289999008
58.9509999752
58.125
49.5420000553
59.9889998436
59.4259998798
59.7899999619
61.5769999027
59.9070000648
61.1549999714
60.3529999256
61.3140001297
59.7599999905
61.6009998322
60.251999855
60.5279998779
36.9309999943
61.0160000324
60.6559998989
59.6809999943
40.9440000057
59.5720000267
59.2760000229
59.373000145
60.4320001602
60.0699999332
61.5160000324
59.0789999962
60.9440000057
60.0599999428
60.3300001621
59.7160000801
59.1349999905
60.1640000343
60.7459998131
59.5929999352
60.7850000858
61.3299999237
60.0980000496
61.2829999924
61.2969999313
59.9160001278
60.2300000191
59.7610001564
60.7290000916
60.3229999542
60.0470001698
60.0020000935
61.4559998512
60.3919999599
59.9400000572
60.486000061
59.5190000534
59.625
59.7990000248
61.1159999371
59.9700000286
60.1079998016
62.2269999981
60.1900000572
59.6100001335
60.4719998837
59.3869998455
60.6609997749
60.7080001831
60.8880000114
59.606000185
60.5590000153
60.6000001431
61.4030001163
59.367000103
59.9680001736
61.0950000286
60.8159999847
59.1099998951
60.2460000515
58.0469999313
59.7460000515
60.9230000973
60.0989999771
59.4069998264
59.0910000801
59.9539999962
60.0360000134
60.0420000553
45.2630000114
59.507999897
62.8739998341
59.871999979
60.4990000725
59.7739999294
61.4820001125
64.0370001793
59.873000145
59.4520001411
60.5260000229
59.7330000401
59.0889999866
60.739000082
58.6670000553
59.3600001335
60.0679998398
166.375999928
58.6529998779
59.8880000114
59.5460000038
60.1679999828
60.4710001945
60.0550000668
61.4600000381
62.1840000153
59.7969999313
60.1040000916
59.4520001411
59.867000103
60.9709999561
59.2170000076
60.3309998512
62.6510000229
59.381000042
60.2790000439
59.378000021
60.4909999371
59.6820001602
59.6079998016
59.6619999409
59.9730000496
59.1069998741
60.2839999199
58.742000103
60.3210000992
58.9990000725
59.3010001183
59.4019999504
59.5339999199
61.2739999294
60.6449999809
40.1630001068
59.9560000896
60.367000103
59.4689998627
60.2539999485
60.368999958
59.3039999008
60.3510000706
60.3380000591
59.9670000076
59.9069998264
59.9509999752
59.7999999523
59.8050000668
59.6870000362
59.4479999542
60.495000124
60.388999939
59.8350000381
61.1540000439
58.8849999905
64.0279998779
60.879999876
60.2209999561
60.873000145
60.1460001469
60.1309998035
59.7170000076
59.8529999256
59.0510001183
59.7230000496
60.4709999561
61.125
59.7769999504
62.6600000858
59.5980000496
65.1769998074
59.5879998207
59.356000185
61.7349998951
42.2679998875
60.0759999752
60.125
65.4340000153
46.0329999924
71.9030001163
60.3289999962
59.8450000286
60.878000021
59.7300000191
65.4919998646
59.6819999218
61.0290000439
60.6489999294
60.4500000477
60.7760000229
60.5239999294
60.2999999523
59.7320001125
60.0080001354
64.8309998512
59.6610000134
59.2520000935
59.881000042
45.5659999847
59.7060000896
59.7200000286
59.7820000648
45.1089999676
60.7950000763
62.3529999256
60.0289998055
59.9419999123
59.6800000668
58.8880000114
60.9229998589
64.7019999027
59.2309999466
60.0130000114
64.756000042
60.2460000515
62.5429999828
59.6600000858
59.2829999924
58.9749999046
59.9930000305
60.1629998684
58.7540001869
59.4159998894
59.4559998512
58.9289999008
59.0870001316
59.4759998322
59.731000185
60.7339999676
58.9400000572
59.5209999084
59.3660001755
60.2559998035
58.1150000095
64.6790001392
59.3220000267
58.9460000992
60.0729999542
35.8320000172
61.1980001926
59.9700000286
59.4830000401
58.9820001125
60.2039999962
60.3320000172
60.3580000401
61.9440000057
60.0499999523
60.503000021
49.7699999809
60.2999999523
60.75
64.1059999466
59.2820000648
64.5120000839
60.7490000725
59.3380000591
33.7969999313
59.6480000019
59.0929999352
57.6989998817
59.6889998913
60.9240000248
59.9450001717
59.9149999619
59.3580000401
59.8250000477
56.7960000038
60.3910000324
59.6629998684
59.1489999294
62.3069999218
35.3049998283
59.9570000172
60.4359998703
34.4639999866
60.0329999924
58.4440000057
59.8400001526
59.1640000343
35.2069997787
36.5220000744
64.0500001907
61.9919998646
73.0420000553
58.3489999771
58.4249999523
36.0350000858
34.9639999866
34.6659998894
34.0729999542
58.6970000267
58.1840000153
59.0579998493
59.138999939
34.1719999313
35.4800000191
32.4530000687
59.3639998436
34.0659999847
64.3000001907
32.0829999447
34.3899998665
35.2869999409
38.5759999752
33.1270000935
34.3409998417
34.9149999619
30.1239998341
58.2139999866
33.495000124
34.5350000858
34.4800000191
32.7209999561
34.5320000648
35.4379999638
33.3059999943
34.5759999752
34.5839998722
33.0700001717
59.5999999046
65.0670001507
59.1590001583
33.0659999847
59.0209999084
33.7460000515
48.4409999847
30.7100000381
33.6870000362
31.018999815
42.881000042
33.1169998646
32.8390002251
59.5090000629
34.1829998493
32.7350001335
33.4539999962
33.8420000076
34.9340000153
33.0759999752
32.3369998932
38.1799998283
58.6390001774
57.7690000534
32.7660000324
33.9149999619
56.1649999619
42.1720001698
34.1930000782
32.6050000191
34.1579999924
30.763999939
30.2630000114
39.8180000782
58.2200000286
32.6869997978
30.9820001125
41.4900000095
36.2229998112
32.2180001736
30.5279998779
32.3320000172
57.9099998474
32.6740000248
30.2120001316
33.7109999657
35.9749999046
37.126999855
32.0970001221
56.4790000916
32.8420000076
29.9139997959
58.2890000343
57.7320001125
56.1420001984
48.753000021
32.882999897
29.7169997692
31.0230000019
30.7050001621
30.7939999104
32.6770000458
32.8110001087
35.6630001068
29.748000145
57.4420001507
30.9000000954
34.6589999199
60.989000082
30.6840000153
30.3840000629
32.9000000954
31.1029999256
32.1610000134
29.4609999657
59.1719999313
30.7460000515
30.8150000572
33.4509999752
101.522000074
34.9169998169
57.128000021
34.4960000515
40.9189999104
30.876999855
33.1050000191
34.2419998646
32.7079999447
33.4010000229
58.0629999638
35.0970001221
31.9609999657
34.8569998741
32.3400001526
32.5050001144
59.1069998741
33.2219998837
31.5529999733
57.5329999924
30.5580000877
36.1819999218
31.9739999771
32.001999855
31.7380001545
31.7750000954
34.4930000305
57.0519998074
32.9329998493
57.3580000401
31.5410001278
31.6819999218
31.496999979
41.878000021
30.3559999466
35.2819998264
32.3329999447
40.8079998493
31.9450001717
34.5309998989
31.7460000515
32.1570000648
31.9909999371
32.6019999981
57.5759999752
52.4290001392
31.3789999485
31.5880000591
31.5439999104
31.246999979
52.3320000172
31.1660001278
31.7009999752
32.7850000858
57.4159998894
31.256000042
31.4489998817
31.5640001297
57.6929998398
31.7590000629
57.4749999046
31.4990000725
32.0740001202
55.0239999294
31.4500000477
31.25
31.9570000172
31.1599998474
30.0920000076
31.7009999752
32.0639998913
35.7769999504
31.2190001011
32.7009999752
32.2419998646
33.8180000782
31.6089999676
31.1890001297
31.1180000305
52.4590001106
31.8980000019
31.1129999161
30.7869999409
31.0480000973
31.5939998627
52.5570001602
31.370000124
33.4170000553
32.2669999599
31.0920000076
30.7260000706
31.2240002155
31.0799999237
31.618999958
40.1080000401
57.5369999409
31.881000042
29.4019999504
30.9409999847
33.7379999161
31.0090000629
30.9049999714
31.2890000343
31.2319998741
31.5
31.2479999065
31.2669999599
31.7979998589
32.3370001316
29.2289998531
31.75
30.3789999485
32.3059999943
30.8020000458
30.8299999237
31.2220001221
30.4330000877
30.8129999638
30.5479998589
34.3069999218
52.4539999962
34.1829998493
30.7509999275
32.3350000381
32.638999939
31.3150000572
27.375
31.5880000591
31.7139999866
35.4979999065
31.7369999886
30.4229998589
34.4019999504
35.2200000286
30.885999918
34.4479999542
31.75
31.2789998055
34.518999815
32.3369998932
30.9300000668
30.4200000763
31.0310001373
28.4620001316
32.0799999237
30.8349997997
30.367000103
30.7660000324
34.3169999123
31.0980000496
32.1150000095
30.882999897
46.5789999962
30.5190000534
33.4359998703
31.9170000553
32.1300001144
34.2079999447
31.9869999886
30.8739998341
33.3919999599
33.643999815
32.3949999809
32.0169999599
31.3200001717
32.2489998341
30.5309998989
29.0010001659
30.8289999962
32.4349999428
46.3030002117
33.5260000229
30.2580001354
31.0680000782
31.260999918
31.125
33.9249999523
31.0290000439
31.5499999523
36.7920000553
31.3139998913
33.1940000057
30.3469998837
30.7430000305
31.1740000248
29.2920000553
30.9900000095
30.3440001011
30.996999979
30.512999773
31.3499999046
33.2590000629
33.3450000286
30.0699999332
30.6119999886
30.3139998913
30.5950000286
32.0650000572
31.388999939
31.6490001678
33.0499999523
32.0090000629
31.2219998837
32.1029999256
32.0709998608
32.0820000172
55.251999855
33.3970000744
33.2460000515
33.2849998474
42.8899998665
30.4879999161
30.8680000305
34.0460000038
31.6900000572
32.254999876
30.2769999504
31.4259998798
30.9249999523
34.2980000973
32.0130000114
35.1089999676
30.6319999695
30.3440001011
33.6180000305
33.0950000286
31.7100000381
33.5220000744
31.2300000191
30.4130001068
32.4509999752
30.5650000572
31.4649999142
31.4530000687
34.4930000305
31.2520000935
32.8289999962
31.6040000916
33.9479999542
31.2200000286
31.4620001316
32.3760001659
32.373000145
32.9360001087
33.871999979
32.3570001125
31.6089999676
30.1349999905
31.5739998817
42.8680000305
34.2740001678
30.0130000114
33.4609999657
30.5580000877
31.006000042
30.6139998436
32.2550001144
32.4390001297
30.3830001354
30.9779999256
33.2740001678
30.2039999962
32.5779998302
32.5440001488
33.1319999695
36.117000103
33.1930000782
30.7460000515
30.3840000629
31.4909999371
34.868999958
30.1790001392
52.3489999771
32.3659999371
31.2690000534
52.9069998264
54.2860000134
32.8250000477
53.3069999218
32.4019999504
30.2379999161
32.239000082
31.2189998627
44.3129999638
33.1010000706
36.0220000744
32.9730000496
32.1809999943
33.6100001335
50.8910000324
59.3450000286
30.4249999523
31.0719997883
46.9370000362
59.3659999371
30.4500000477
30.5729999542
30.1679999828
32.9879999161
32.0310001373
30.373000145
31.3489999771
29.5210001469
33.0209999084
30.8849999905
30.6710000038
31.3400001526
31.8680000305
32.8910000324
31.6400001049
30.3229999542
31.4639999866
36.2000000477
31.370000124
36.0120000839
33.9039998055
30.9010000229
31.1109998226
31.629999876
30.873000145
31.3940000534
35.8069999218
30.8880000114
35.4519999027
34.7230000496
32.2170000076
31.2079999447
33.6760001183
30.864000082
31.4120001793
32.5850000381
31.1920001507
30.7619998455
33.2170000076
31.7649998665
30.131000042
33.9900000095
30.6289999485
30.6730000973
35.0230000019
34.6800000668
42.6629998684
32.5240001678
30.5559999943
56.7249999046
31.7539999485
29.9689998627
32.3579998016
94.0290000439
31.3340001106
30.6010000706
30.0609998703
30.2829999924
30.756000042
35.8970000744
31.4609999657
31.3130002022
29.5790002346
31.1799998283
31.6719999313
32.5810000896
32.4199998379
30.8289999962
32.260999918
31.2810001373
32.8299999237
30.6949999332
29.8320000172
29.5659999847
30.3960001469
54.4379999638
52.6039998531
54.2489998341
57.242000103
30.5360000134
32.2279999256
28.6369998455
52.3159999847
27.2010002136
30.4300000668
29.8399999142
53.3589999676
35.2980000973
30.5089998245
31.3639998436
31.1840000153
32.7200000286
52.4750001431
31.117000103
31.8429999352
29.3929998875
32.9940001965
53.0360000134
29.4150002003
52.3550000191
52.6340000629
28.8300001621
34.3519999981
29.2590000629
45.9140000343
31.0520000458
28.5199999809
28.987000227
32.3660001755
26.4349999428
32.0209999084
28.9229998589
31.0390000343
31.2239999771
90.4680001736
31.5360000134
31.8309998512
34.5789999962
28.8339998722
28.4729998112
29.2730000019
52.6150000095
52.8120000362
30.6490001678
30.0429999828
29.4370000362
52.4389998913
53.1470000744
31.3999998569
52.2510001659
33.3580000401
30.7039999962
33.2909998894
48.3310000896
52.8239998817
31.378000021
32.5650000572
52.5080001354
52.361000061
32.0329999924
53.643999815
27.996999979
41.9849998951
1459.70799994
35.2339999676
32.2119998932
33.2879998684
31.5780000687
31.2630000114
31.7529997826
31.2929999828
34.5610001087
36.9400000572
31.3699998856
33.3649997711
31.1549999714
29.0
32.3699998856
31.3299999237
31.1289999485
30.8639998436
31.3849999905
31.5889999866
34.3449997902
33.5989999771
36.5239999294
31.0739998817
34.9070000648
31.0900001526
32.1579999924
31.5959999561
31.1519999504
32.1619999409
30.1259999275
35.3880000114
30.978000164
31.2890000343
31.0490000248
32.1419999599
34.9449999332
29.9459998608
31.6670000553
35.3669998646
32.2650001049
32.7249999046
30.8020000458
30.7929999828
30.2289998531
31.7920000553
41.6229999065
28.1499998569
31.4620001316
32.7119998932
31.2840001583
28.625
31.0090000629
32.1559998989
30.6199998856
29.9340000153
32.4830000401
27.7690000534
89.2430000305
36.8569998741
32.5239999294
28.1559998989
51.4030001163
34.7540001869
42.1970000267
33.9730000496
52.4429998398
52.4649999142
53.3480000496
52.8019998074
32.9909999371
52.4739999771
32.1430001259
33.8240001202
31.1559998989
32.6080000401
30.6670000553
38.0050001144
43.9219999313
28.8370001316
34.492000103
30.8410000801
31.2119998932
31.7799999714
39.4300000668
28.8129999638
32.1919999123
30.7279999256
31.9240000248
32.0839998722
34.2490000725
30.6900000572
46.5310001373
31.7869999409
31.8599998951
35.8090000153
32.881000042
31.6449999809
34.9759998322
32.4930000305
32.1759998798
32.123000145
30.0570001602
52.7929999828
33.0729999542
30.4900000095
29.4420001507
33.3199999332
30.8840000629
32.248000145
32.0149998665
32.6270000935
32.114000082
34.3020000458
28.5059998035
42.3789999485
34.1579999924
34.3139998913
31.9919998646
33.6770000458
46.4509999752
27.7760000229
34.3389999866
33.492000103
31.9579999447
32.9759998322
33.3409998417
33.3480000496
32.2070000172
52.1940000057
31.8110001087
32.5640001297
32.6370000839
29.0059998035
33.6399998665
32.8989999294
31.7920000553
32.5710000992
33.2999999523
33.1980001926
34.1500000954
35.9019999504
32.376999855
34.4449999332
32.7699999809
33.9839999676
34.4220001698
33.3489999771
34.7350001335
31.8430001736
33.5550000668
34.2909998894
36.1629998684
32.6079998016
28.6809999943
31.8020000458
53.9349999428
52.4830000401
32.8540000916
31.236000061
32.2059998512
33.8199999332
33.9319999218
34.3430001736
36.2879998684
31.614000082
33.4650001526
34.0
32.9449999332
31.6579999924
33.3010001183
33.0320000648
33.728000164
44.6340000629
31.5829999447
32.2829999924
33.6470000744
33.8139998913
32.2339999676
32.1789999008
31.4440000057
33.7269999981
32.7889997959
32.9819998741
33.8970000744
34.4420001507
31.9360001087
33.3369998932
27.9340000153
29.7899999619
48.9479999542
31.9869999886
33.4530000687
32.3010001183
31.3910000324
34.4279999733
54.1599998474
33.1489999294
33.9079999924
32.8069999218
33.9709999561
32.2030000687
36.4260001183
35.6989998817
27.8789999485
33.0550000668
31.3380000591
31.5750000477
34.7980000973
33.7769999504
39.010999918
53.8229999542
32.9200000763
32.8880000114
32.2000000477
31.8479998112
33.8740000725
33.3289999962
31.7550001144
32.6989998817
32.2230000496
32.0850000381
33.1199998856
32.4619998932
33.5490000248
32.3070001602
31.4659998417
32.3559999466
30.1710000038
33.3570001125
34.4140000343
31.6040000916
32.0829999447
33.6549999714
29.0980000496
34.7799999714
33.873000145
33.1670000553
32.2260000706
33.6589999199
33.6489999294
32.1210000515
32.9379999638
24.8240001202
53.4260001183
33.2409999371
33.7049999237
32.2690000534
24.5009999275
32.7980000973
33.356000185
28.6979999542
49.745000124
33.2720000744
34.503000021
32.6739997864
28.371999979
32.4630000591
46.3789999485
33.5840001106
30.1019999981
24.6470000744
31.5559999943
34.9919998646
37.5169999599
48.5529999733
32.7589998245
28.9289999008
32.368999958
39.2119998932
31.1849999428
33.9260001183
31.5179998875
30.9539999962
29.0910000801
34.0169999599
31.9769999981
33.7999999523
33.9210000038
30.8100001812
33.8039999008
32.2289998531
30.9670000076
31.248000145
33.6019999981
32.7030000687
33.9690001011
30.628000021
32.4790000916
29.5059998035
34.8020000458
34.9500000477
30.0230000019
34.3519999981
37.356000185
32.5889999866
32.7079999447
35.2980000973
32.0260000229
32.2660000324
29.5380001068
33.3409998417
32.7860000134
32.4800000191
48.4779999256
32.871999979
34.5490000248
34.123000145
33.2990000248
50.2429997921
30.9690001011
30.8699998856
32.8010001183
33.3020000458
32.2610001564
30.8230001926
33.5879998207
32.4060001373
32.2520000935
31.6519999504
32.4160001278
33.2829999924
31.0409998894
215.09800005
32.3329999447
31.8789999485
32.248000145
33.5590000153
38.3310000896
29.5329999924
31.8220000267
36.6040000916
35.0989999771
32.1099998951
48.7849998474
34.3849999905
31.5910000801
31.2829999924
35.5659999847
32.6890001297
34.2269999981
30.4479999542
32.879999876
33.0690000057
29.3600001335
32.0789999962
31.8230001926
32.4379999638
32.9600000381
30.7820000648
34.138999939
31.5690000057
31.0150001049
31.8870000839
32.3069999218
34.625
32.4900000095
33.3099999428
32.7569999695
33.4029998779
32.5379998684
48.2590000629
32.8659999371
32.0369999409
31.5679998398
33.3629999161
31.7430000305
29.2160000801
32.0180001259
32.1589999199
29.2769999504
32.3309998512
31.7660000324
30.5539999008
38.2129998207
33.3370001316
31.5260000229
30.353000164
49.1340000629
33.6760001183
31.9940001965
31.6460001469
34.0480000973
33.4409999847
30.5720000267
32.3740000725
32.4710001945
32.984000206
31.5679998398
31.7920000553
49.0900001526
33.8340001106
32.0869998932
101.875
30.8139998913
49.5099999905
33.7079999447
31.3849999905
34.0999999046
34.1800000668
31.7089998722
31.9349999428
34.1309998035
32.6829998493
32.9849998951
26.9559998512
31.754999876
33.0770001411
32.8519999981
33.0840001106
32.3559999466
33.9270000458
31.368999958
34.118999958
56.8949999809
37.9440000057
31.6860001087
33.0770001411
31.4589998722
27.8980000019
33.5249998569
32.254999876
33.8209998608
32.9099998474
31.8519999981
32.8299999237
32.873000145
31.5889999866
29.9230000973
33.6229999065
32.5099999905
33.385999918
33.9639999866
33.0009999275
32.006000042
31.9660000801
33.3709998131
34.2709999084
31.4930000305
30.5910000801
31.621999979
37.4769999981
31.6989998817
32.111000061
49.4010000229
33.5620000362
33.0879998207
33.4359998703
51.3489999771
31.521999836
33.8450000286
36.7049999237
30.0249998569
34.0180001259
33.7369999886
31.7400000095
34.0550000668
33.3229999542
31.6690001488
33.0539999008
33.3169999123
35.748000145
31.9830000401
33.2490000725
33.617000103
32.2330000401
34.111000061
49.5460000038
31.8860001564
33.6570000648
32.1919999123
32.0629999638
31.6820001602
32.8450000286
32.8289999962
33.0119998455
31.4129998684
56.0120000839
30.2850000858
33.2290000916
31.4279999733
32.5650000572
32.2039999962
32.3609998226
33.3169999123
32.0039999485
32.9379999638
32.9889998436
32.8499999046
34.0290000439
53.3690001965
47.7749998569
31.5759999752
32.1320002079
34.0750000477
33.3210000992
32.3020000458
32.4260001183
38.1100001335
31.878000021
33.5460000038
33.1419999599
31.611000061
32.5730001926
31.8509998322
31.7699999809
32.2660000324
32.8800001144
32.7009999752
31.5850000381
31.8619999886
32.9309999943
32.1929998398
33.3350000381
31.628000021
32.0980000496
33.5280001163
32.7999999523
31.2540001869
32.2630000114
33.3329999447
31.0850000381
32.8960001469
33.3399999142
33.1949999332
33.2660000324
33.2950000763
33.0439999104
33.0409998894
32.7319998741
35.8680000305
33.4049999714
34.4519999027
33.0580000877
31.9149999619
33.0520000458
32.5780000687
29.1940000057
32.131000042
33.0920000076
33.2670001984
28.2809998989
32.2820000648
31.8470001221
44.246999979
31.7720000744
33.1349999905
31.9319999218
30.7819998264
32.3529999256
28.2380001545
34.0110001564
30.8919999599
32.7249999046
33.0329999924
33.2850000858
31.7680001259
33.8580000401
33.3190000057
31.7869999409
33.103000164
32.8489999771
33.1849999428
28.013999939
32.7900002003
32.8830001354
32.9029998779
32.9820001125
30.8870000839
32.7030000687
32.489000082
31.986000061
32.5399999619
32.2060000896
30.7980000973
32.3169999123
32.0989999771
32.375
33.1719999313
31.6180000305
31.6950001717
33.3420000076
33.2650001049
32.5090000629
33.1969997883
33.5050001144
32.5699999332
32.0750000477
31.1600000858
31.7039999962
33.3519999981
32.9539999962
32.7220001221
31.2789998055
33.1119999886
32.9670000076
39.3959999084
33.2430000305
33.4979999065
32.6989998817
31.756000042
32.9309999943
31.4330000877
32.7229998112
30.3819999695
31.8370001316
91.5160000324
31.2460000515
32.7319998741
31.7039999962
31.9799997807
32.8849999905
32.7009999752
30.8519999981
30.8350000381
32.9149999619
32.8200001717
31.8919999599
32.4760000706
27.8150000572
32.4700000286
31.7369999886
30.9170000553
31.8359999657
30.8329999447
32.8029999733
32.1869997978
31.1519999504
33.0639998913
33.0649998188
31.8880000114
31.6229999065
31.2249999046
31.3930001259
32.1470000744
30.7939999104
32.2400000095
32.7099997997
33.3510000706
32.996999979
33.1740000248
32.118999958
31.6070001125
32.4649999142
31.5610001087
30.3180000782
33.7920000553
30.8580000401
34.1380000114
32.6130001545
32.8109998703
31.6259999275
32.0280001163
31.7089998722
24.0620000362
28.3059999943
23.7799999714
29.7920000553
28.2030000687
31.7720000744
24.1930000782
31.1590001583
28.9520001411
31.2059998512
28.0880000591
30.1800000668
27.0460000038
28.8619999886
32.9500000477
47.9570000172
48.9549999237
23.7460000515
31.7120001316
31.2690000534
47.9979999065
31.3789999485
32.2860000134
29.5730001926
49.6400001049
29.5659999847
31.6430001259
47.8569998741
36.6990001202
30.5050001144
28.1119999886
47.9909999371
30.2650001049
31.618999958
47.8500001431
29.8179998398
24.2309999466
49.7279999256
29.3840000629
51.2330000401
28.0370001793
48.9190001488
44.5120000839
23.6180000305
50.7379999161
23.6190001965
48.7679998875
30.2219998837
33.2899999619
31.5149998665
27.611000061
31.9720001221
30.5499999523
49.4629998207
29.7799999714
23.888999939
31.0550000668
31.2120001316
31.9440000057
52.8539998531
31.4379999638
30.5409998894
36.0580000877
53.7999999523
29.9219999313
47.8400001526
31.6579999924
53.8429999352
27.9790000916
26.3950002193
32.7690000534
31.6380000114
30.3550000191
25.9249999523
45.8190000057
32.8080000877
47.7109999657
30.4019999504
37.7690000534
24.3509998322
53.9240000248
24.3999998569
23.9430000782
47.9959998131
48.3650000095
28.0659999847
49.5650000572
48.2669999599
24.0190000534
23.5889999866
31.7109999657
30.4960000515
32.3059999943
28.9060001373
48.75
25.9749999046
49.0250000954
28.6289999485
29.114000082
48.5170001984
29.3480000496
32.6900000572
31.0529999733
30.0120000839
47.9340000153
48.6159999371
23.6749999523
26.1600000858
30.3759999275
30.8269999027
31.7449998856
32.506000042
50.1990001202
27.9270000458
32.7679998875
23.9889998436
28.9140000343
38.1909999847
27.6209998131
28.6989998817
28.6979999542
31.4240000248
31.9609999657
33.8020000458
25.0130000114
47.8959999084
30.629999876
31.8350000381
29.8900001049
30.6690001488
49.2259998322
48.1729998589
23.0199999809
31.111000061
35.0629999638
26.1220002174
23.8949999809
33.6659998894
34.4909999371
31.143999815
31.0920000076
23.7540001869
25.3659999371
30.0600001812
25.4270000458
30.9160001278
29.3819999695
27.5980000496
30.7330000401
25.3460001945
27.5320000648
31.8919999599
31.3019998074
47.4319999218
29.236000061
19.8270001411
34.3450000286
29.8880000114
30.864000082
36.623000145
285.145000219
34.385999918
29.9720001221
50.0640001297
35.4690001011
34.2580001354
30.6800000668
30.7790000439
33.6770000458
30.2489998341
31.1720001698
30.243999958
29.9000000954
30.0959999561
34.135999918
30.8580000401
37.3090000153
30.6859998703
33.6870000362
34.1150000095
34.9379999638
30.2059998512
30.5470001698
31.9200000763
34.7599999905
30.2320001125
30.5160000324
30.4779999256
30.496999979
31.1369998455
29.8109998703
34.875
34.3350000381
35.4719998837
29.3059999943
33.0309998989
30.4990000725
30.9159998894
30.7099997997
30.4849998951
34.614000082
29.9509999752
31.493999958
34.9289999008
30.8009998798
30.7910001278
35.4700000286
31.5509998798
40.8510000706
29.8790001869
30.2170000076
33.5350000858
47.3630001545
34.0549998283
30.396999836
30.5829999447
30.4639999866
30.7120001316
30.1399998665
30.4000000954
33.9949998856
30.1809999943
29.7430000305
30.8069999218
34.1819999218
34.8239998817
30.1700000763
30.2389998436
30.6050000191
30.6830000877
30.8350000381
30.7319998741
34.5639998913
30.4930000305
29.3269999027
33.2539999485
30.0729999542
31.3159999847
29.7849998474
29.8420000076
30.1970000267
44.4990000725
30.7870001793
30.0310001373
30.4700000286
365.470999956
34.8340001106
91.9769999981
31.7409999371
29.9720001221
34.1560001373
31.2669999599
34.0769999027
35.9219999313
30.4030001163
19.9389998913
33.9040000439
30.5659999847
33.9670000076
34.4769999981
30.8440001011
30.4749999046
29.8029999733
34.7289998531
29.9210000038
33.3429999352
29.4960000515
35.867000103
34.393999815
29.9739999771
36.9099998474
30.129999876
30.0
30.9900000095
30.2070000172
45.6240000725
34.1609997749
30.7910001278
30.0900001526
29.8940000534
30.2620000839
34.4060001373
30.1100001335
34.4500000477
29.8080000877
29.7350001335
30.986000061
30.9089999199
32.5850000381
33.9809999466
30.2620000839
29.7569999695
29.2949998379
29.9880001545
33.9000000954
29.9419999123
30.4179999828
30.3239998817
30.3619999886
34.8659999371
35.7260000706
30.4149999619
34.254999876
33.4009997845
30.1519999504
33.6150000095
29.646999836
29.2920000553
29.8099999428
29.8049998283
30.1610000134
29.9590001106
30.0369999409
29.7100000381
30.3210000992
33.7400000095
30.7910001278
30.7960000038
31.8519999981
30.3639998436
30.5199999809
33.9060001373
29.5069999695
32.753000021
30.5240001678
30.2990000248
30.2730000019
41.4779999256
33.8410000801
29.9620001316
32.6629998684
30.4079999924
30.4529998302
34.146999836
33.9430000782
30.2509999275
33.736000061
44.0920000076
33.864000082
29.9249999523
35.3509998322
92.2990000248
29.6819999218
32.2100000381
30.481000185
33.9200000763
34.6449999809
34.873000145
33.981000185
30.4400000572
30.2839999199
34.1150000095
33.5690000057
30.3639998436
29.0009999275
34.8369998932
29.7300000191
33.8589999676
31.1029999256
20.7650001049
33.5190000534
34.646999836
40.379999876
34.7969999313
29.3839998245
30.1870000362
30.1180000305
33.9880001545
30.010999918
31.5939998627
32.0730001926
33.7589998245
28.1920001507
29.9769999981
29.9809999466
31.1289999485
30.1849999428
29.3550000191
131.395999908
33.7180001736
29.5569999218
29.7030000687
33.7239999771
29.1210000515
28.4649999142
30.1899998188
33.6779999733
30.109000206
33.3959999084
33.1809999943
34.3409998417
29.7849998474
29.6819999218
33.1420001984
32.3099999428
29.6909999847
32.2789998055
34.751999855
29.4869999886
29.9850001335
30.3050000668
32.9849998951
104.305999994
29.9149999619
29.2899999619
29.2999999523
29.5420000553
33.4889998436
32.2260000706
30.9010000229
34.118999958
28.3099999428
92.1080000401
33.246999979
28.128000021
33.2850000858
28.9040000439
29.1870000362
29.7300000191
32.4750001431
31.8660001755
34.5010001659
29.5630002022
44.9990000725
33.8020000458
33.2939999104
33.0009999275
35.1419999599
31.4539999962
29.6319999695
29.1550002098
28.6889998913
31.7829999924
33.0290000439
29.236000061
28.896999836
31.8069999218
24.1979999542
29.5729999542
34.2179999352
29.3929998875
34.6499998569
34.4530000687
32.5510001183
35.1080000401
32.8910000324
32.5910000801
31.5880000591
30.5460000038
32.7950000763
34.0269999504
33.0800001621
29.492000103
33.5720000267
29.0789999962
49.6699998379
34.6690001488
36.8160002232
32.9159998894
33.8020000458
89.8669998646
28.7810001373
33.4279999733
32.7369999886
28.8789999485
32.4149999619
33.0369999409
32.1740000248
30.2479999065
31.5460000038
27.8139998913
88.9200000763
29.8090000153
32.3009998798
33.6809999943
29.8900001049
28.2920000553
27.9179999828
33.1779999733
32.5520000458
32.4060001373
32.6029999256
29.1670000553
32.5690000057
20.8729999065
29.9279999733
33.4329998493
20.1419999599
32.9990000725
37.4759998322
32.3830001354
8.64999985695
15.0660002232
26.6759998798
