98.2669999599
95.2799999714
90.1950001717
95.7970001698
95.8210000992
86.4070000648
93.4519999027
93.6029999256
91.5869998932
92.3280000687
181.156999826
89.4419999123
92.8140001297
90.7089998722
92.7610001564
94.3190000057
91.8099999428
94.7839999199
92.9340000153
99.5550000668
89.5739998817
100.825000048
87.771999836
93.2039999962
115.486999989
92.8699998856
92.4960000515
102.075999975
90.1100001335
89.4389998913
109.505999804
124.265000105
87.9549999237
91.4379999638
100.187999964
88.2920000553
88.5020000935
94.5830001831
93.0680000782
91.8180000782
88.5809998512
87.9059998989
93.0720000267
98.9419999123
96.4470000267
96.111000061
92.3199999332
92.1900000572
92.3249998093
95.6729998589
84.7999999523
102.920000076
116.196000099
91.0360000134
89.1289999485
366.699999809
93.0759999752
87.8270001411
106.931999922
91.2539999485
88.1380000114
93.7599999905
87.2799999714
91.8980000019
88.3150000572
90.8259999752
95.9070000648
88.7630000114
95.0099999905
173.578999996
92.1679999828
95.3329999447
95.6460001469
91.7869999409
103.375999928
92.6180000305
87.9660000801
101.388999939
92.8020000458
99.0469999313
118.551000118
154.134000063
95.8469998837
91.1289999485
91.7730000019
99.9299998283
99.0309998989
105.135999918
91.2880001068
92.6570000648
107.780999899
94.5950000286
93.0520000458
101.075999975
102.651000023
101.851000071
303.641000032
88.3579998016
309.036000013
92.0749998093
137.786999941
91.2769999504
89.6440000534
93.6289999485
91.3930001259
105.402000189
89.7059998512
112.004999876
93.1069998741
94.2960000038
90.4909999371
89.2980000973
95.6019999981
105.28399992
90.0810000896
115.032000065
150.779999971
98.9089999199
87.2419998646
92.5840001106
85.9140000343
91.5220000744
91.003000021
105.609000206
107.88499999
95.5739998817
91.3109998703
92.2699999809
93.0750000477
92.2580001354
113.769999981
94.0050001144
108.819999933
91.5239999294
89.2250001431
94.126999855
93.0299999714
91.2679998875
93.111000061
91.3399999142
98.8870000839
93.0820000172
96.5080001354
94.5690000057
87.9779999256
89.0329999924
100.898999929
88.9089999199
92.6640000343
92.6059999466
93.6640000343
89.7000000477
112.241000175
113.921000004
92.2750000954
100.933000088
122.78000021
107.461999893
96.2699999809
88.9329998493
97.121999979
101.55099988
89.2969999313
90.5929999352
107.688999891
89.0329999924
92.6540000439
107.634000063
90.9529998302
93.4289999008
93.754999876
92.6710000038
93.4749999046
86.1159999371
93.8410000801
90.5980000496
90.2460000515
93.5309998989
90.5350000858
148.180999994
97.9019999504
89.1449999809
93.6660001278
116.161000013
102.743999958
93.4000000954
88.2269999981
92.1879999638
99.8350000381
107.603999853
91.2179999352
93.3940000534
95.8989999294
111.127000093
103.476999998
92.0450000763
93.125
93.111000061
92.2309999466
90.4019999504
117.265000105
90.4549999237
100.472000122
92.9500000477
93.7090001106
92.0409998894
93.006000042
93.0629999638
102.076999903
91.618999958
92.2679998875
99.3320000172
95.6719999313
95.6529998779
88.9500000477
88.8650000095
92.885999918
89.6870000362
92.8639998436
88.7829999924
111.463999987
109.660000086
88.6449999809
105.82400012
88.2159998417
92.0149998665
88.7649998665
109.937000036
92.8190000057
85.4070000648
88.486000061
91.6840000153
92.5929999352
93.6119999886
93.0150001049
112.428000212
94.2610001564
89.7059998512
95.1879999638
92.5770001411
95.1899998188
93.4789998531
99.3389999866
85.9210000038
90.2269999981
91.5440001488
102.835999966
92.3299999237
99.6119999886
99.4600000381
90.5149998665
117.914999962
102.684000015
92.6889998913
92.7610001564
89.1759998798
87.5769999027
90.7809998989
87.9530000687
262.493000031
93.242000103
91.2790000439
112.331999779
117.098999977
92.128000021
87.2029998302
88.4659998417
102.963000059
94.9470000267
88.010999918
88.3980000019
92.5559999943
86.1549999714
103.02699995
88.1180000305
88.9550001621
90.4089999199
87.5920000076
92.8770000935
105.874000072
87.6150000095
98.1050000191
88.6879999638
92.2790000439
89.9340000153
109.447000027
90.6410000324
86.4900000095
101.312999964
92.6089999676
92.0520000458
88.5329999924
95.4949998856
91.5329999924
90.1929998398
102.105000019
101.064999819
91.506000042
87.3469998837
90.4720001221
92.2920000553
94.1549999714
90.0509998798
97.9429998398
106.536999941
92.0779998302
92.2769999504
117.574999809
91.5619997978
92.2690000534
92.243999958
87.5299999714
95.4839999676
83.3579998016
97.378000021
91.1619999409
104.167000055
101.205000162
86.4570000172
91.0960001945
101.167000055
90.9839999676
147.904999971
87.7969999313
106.361000061
98.0329999924
92.0490000248
94.0269999504
88.8090000153
91.638999939
87.6570000648
90.1330001354
101.381999969
105.710999966
88.6629998684
93.506000042
92.3110001087
90.7770001888
91.0099999905
89.3870000839
88.0689997673
91.1079998016
91.5520000458
96.6240000725
89.6519999504
138.217000008
100.846000195
94.0179998875
93.3269999027
101.608999968
95.0610001087
91.0039999485
99.263999939
89.5169999599
85.8380000591
99.2000000477
93.2950000763
87.9670000076
89.4449999332
107.871999979
101.840999842
90.7760000229
101.748000145
130.671999931
91.728000164
530.838000059
89.5859999657
92.1809999943
91.5880000591
91.9690001011
97.2860000134
106.448999882
108.228000164
105.378000021
90.8320000172
90.5780000687
92.9349999428
94.7020001411
92.9560000896
101.669000149
92.8819999695
91.8200001717
86.3310000896
156.365999937
87.5559999943
96.0179998875
92.7739999294
92.7339999676
92.7290000916
97.2739999294
93.3340001106
94.8159999847
90.5780000687
92.6659998894
92.6630001068
91.5810000896
102.045000076
96.3380000591
97.3170001507
91.3359999657
99.4220001698
88.7960000038
86.0720000267
91.0600001812
100.147000074
86.5969998837
101.513000011
88.6859998703
90.3450000286
82.6429998875
83.0389997959
118.035000086
92.4549999237
90.2690000534
92.6340000629
82.5250000954
91.2699999809
90.2150001526
94.5299999714
88.2799999714
99.253000021
90.2400000095
93.0930001736
99.756000042
84.7079999447
86.506000042
109.355000019
92.2890000343
91.0720000267
102.65899992
117.580999851
108.768000126
90.5959999561
89.7020001411
104.969000101
105.720999956
89.3880000114
90.0450000763
85.7869999409
88.3150000572
92.378000021
165.508000135
89.5750000477
92.0250000954
102.352999926
89.3519999981
82.996999979
92.4659998417
92.6380000114
90.2730000019
95.5230000019
95.5099999905
98.7539999485
99.5769999027
92.1290001869
99.368999958
131.286000013
96.0799999237
91.9399998188
98.8240001202
87.7149999142
98.7760000229
92.2210001945
89.0
92.5520000458
122.768000126
97.5370001793
196.695999861
103.167999983
87.9649999142
88.9930000305
96.3299999237
96.5199999809
109.508999825
83.0310001373
85.6699998379
84.7060000896
88.896999836
93.388999939
89.1579999924
89.3409998417
105.618999958
87.7110002041
89.1540000439
92.3570001125
92.3519999981
91.7650001049
98.9779999256
106.565999985
89.0759999752
96.3029999733
78.631000042
100.405999899
95.7929999828
91.8480000496
88.6169998646
162.505999804
95.5279998779
92.1829998493
92.9220001698
91.7200000286
93.6449999809
102.809000015
88.6419999599
101.656000137
106.109000206
91.2030000687
83.5260000229
89.1710000038
98.7269999981
96.2130000591
91.1400001049
88.4049999714
91.1210000515
88.3550000191
105.021000147
94.878000021
95.6040000916
91.3940000534
88.4709999561
83.6759998798
106.916000128
81.4549999237
95.3360002041
95.748000145
93.2570002079
93.0280001163
106.022000074
101.398999929
103.562000036
104.319999933
157.709000111
92.5650000572
103.15199995
92.6070001125
93.0709998608
99.236000061
82.5069999695
88.2109999657
97.0780000687
98.9779999256
96.2940001488
104.775000095
76.7210001945
77.4639999866
106.503000021
189.818000078
118.271000147
100.251000166
93.0769999027
92.1799998283
94.753000021
95.5020000935
92.4140000343
88.3329999447
92.3439998627
94.743999958
96.3389999866
107.570000172
77.1089999676
91.9990000725
90.5840001106
92.7829999924
154.50999999
92.9660000801
94.6119999886
86.6180000305
95.1100001335
94.5850000381
109.049999952
93.5469999313
95.9979999065
88.3010001183
87.8410000801
91.9900000095
100.99000001
102.687999964
93.9329998493
87.5149998665
92.1410000324
92.6980001926
92.129999876
108.396000147
92.4100000858
102.586000204
93.6430001259
95.9300000668
97.5870001316
92.6470000744
111.959000111
92.7860000134
90.0629999638
94.6890001297
95.7460000515
93.3349997997
95.8770000935
88.3740000725
120.411000013
92.6870000362
80.8120000362
90.2510001659
82.3630001545
90.5559999943
93.8480000496
94.2379999161
93.6940000057
93.4949998856
96.1300001144
85.1560001373
88.7139999866
92.3169999123
101.39199996
92.5940001011
100.253000021
93.6710000038
90.0080001354
99.9849998951
92.364000082
93.5490000248
93.132999897
87.1539998055
80.6119999886
88.5260000229
90.6570000648
91.3489999771
78.510999918
88.4990000725
97.7100000381
93.0859999657
91.7139999866
93.0720000267
95.2839999199
88.5479998589
98.0859999657
92.1119999886
92.2089998722
94.0710000992
92.1270000935
89.7890000343
100.462999821
92.9850001335
76.7799999714
101.89199996
93.9790000916
95.1260001659
90.9579999447
97.5069999695
92.3980000019
90.9519999027
92.1039998531
92.2950000763
100.811000109
89.6759998798
90.356000185
100.113000154
106.151000023
88.6099998951
93.2929999828
105.083000183
93.25
91.9830000401
92.2960000038
89.5450000763
90.2999999523
107.947999954
92.8059999943
98.9379999638
87.7999999523
89.5420000553
94.7669999599
95.5149998665
89.4960000515
104.414999962
90.1970000267
93.2810001373
93.6510000229
89.4509999752
93.3559999466
93.5839998722
95.0160000324
93.3180000782
92.8200001717
93.5599999428
87.3359999657
94.5789999962
89.6779999733
94.3020000458
91.0939998627
89.3190000057
98.5759999752
92.0279998779
94.1019999981
93.1910002232
95.9909999371
90.9359998703
94.6829998493
96.7809998989
93.4639999866
93.4440000057
90.8800001144
100.680999994
91.771999836
102.651000023
93.4199998379
86.4530000687
98.1949999332
102.371999979
103.388000011
93.3059999943
93.6489999294
93.6570000648
112.493000031
89.7520000935
98.0690000057
93.4560000896
93.2059998512
103.68900013
116.53399992
89.0420000553
93.1260001659
93.6449999809
137.480000019
92.6679999828
91.5249998569
97.4409999847
94.7730000019
93.2260000706
99.1259999275
95.8339998722
93.2120001316
86.867000103
88.7750000954
92.5570001602
98.6639997959
92.9560000896
93.2809998989
93.2569999695
105.187000036
102.194000006
76.0680000782
88.6320002079
96.1630001068
95.2799999714
92.3220000267
95.996999979
77.0160000324
120.760999918
92.7670001984
92.875
93.373000145
112.058000088
88.5889999866
90.7100000381
89.5989999771
99.0830001831
101.251000166
88.4359998703
94.5629999638
92.0769999027
84.5339999199
91.9110000134
95.5520000458
92.0439999104
93.3340001106
92.7389998436
91.7539999485
92.6730000973
103.481999874
91.9500000477
91.628000021
87.9639999866
92.1570000648
92.1879999638
89.7319998741
99.3369998932
92.1099998951
96.9059998989
97.1759998798
92.021999836
92.5469999313
89.4629998207
93.2239999771
147.90199995
91.4590001106
92.2839999199
95.1749999523
92.364000082
89.4290001392
75.9830000401
93.3680000305
92.5859999657
95.9409999847
92.9839999676
99.0680000782
92.4330000877
92.0859999657
189.016000032
91.8159999847
97.8130002022
92.0910000801
92.8690001965
87.6449999809
91.8519999981
104.713000059
103.303999901
96.8029999733
105.080999851
101.046000004
92.7269999981
93.0920000076
88.0770001411
89.0880000591
98.5590000153
92.2259998322
92.6300001144
105.967000008
81.9039998055
97.1540000439
101.957999945
92.3280000687
92.1819999218
91.7739999294
93.9129998684
90.4850001335
98.4119999409
98.5150001049
98.6670000553
90.8619999886
94.2000000477
81.7190001011
96.4490001202
102.657000065
92.3510000706
91.3409998417
100.558000088
91.9240000248
91.0999999046
91.7720000744
93.4220001698
91.25
91.7079999447
92.4319999218
96.3059999943
91.1930000782
99.754999876
92.1820001602
92.3580000401
95.3949999809
98.6789999008
91.3110001087
104.47300005
92.9309999943
95.2369999886
84.3159999847
92.503000021
88.6569998264
97.9430000782
108.14199996
92.0299999714
93.3180000782
105.355000019
95.0340001583
87.9449999332
86.7250001431
94.1579999924
90.1679999828
92.5460000038
92.628000021
92.3710000515
92.6540000439
98.4340000153
92.1799998283
91.9099998474
95.6849999428
96.2130000591
93.3440001011
92.986000061
98.7520000935
89.2389998436
93.0199999809
77.3339998722
90.6339998245
103.787999868
97.7109999657
91.4850001335
95.8229999542
90.4990000725
90.3819999695
98.1320002079
90.7249999046
91.8609998226
96.2620000839
92.8080000877
92.6710000038
92.1320002079
91.3099999428
92.135999918
92.9700000286
92.503000021
97.9019999504
92.8239998817
94.6950001717
96.5029997826
92.8599998951
92.0390000343
99.3489999771
93.9959998131
103.898000002
96.0529999733
95.7669999599
90.4979999065
92.5299999714
88.7269999981
96.5670001507
92.1719999313
99.8759999275
95.010999918
103.388000011
95.1849999428
99.6990001202
94.8019998074
90.0820000172
90.3710000515
92.0789999962
92.7630000114
88.506000042
95.3450000286
91.7030000687
76.7839999199
92.4050002098
101.777999878
93.4709999561
105.011000156
92.8270001411
96.4419999123
90.9459998608
88.2490000725
92.4450001717
92.5690000057
92.0360000134
103.191000223
92.2869999409
92.1459999084
88.3140001297
87.6940000057
105.220999956
91.4500000477
89.2400000095
89.4530000687
93.3949999809
95.0190000534
90.6809999943
90.618999958
91.9609999657
90.5659999847
87.6589999199
97.1549999714
93.1159999371
91.9729998112
92.3090000153
96.3179998398
101.208000183
95.4249999523
92.3840000629
96.6829998493
88.7590000629
91.8010001183
104.205999851
87.9500000477
94.2510001659
88.6760001183
98.876999855
95.5299999714
89.1949999332
91.5670001507
113.901000023
91.9199998379
88.9830000401
72.2220001221
87.7400000095
93.635999918
88.5460000038
95.1649999619
97.638999939
88.7160000801
87.6040000916
92.1769998074
87.0520000458
78.5450000763
91.5739998817
92.8240001202
94.9769999981
100.075999975
72.5910000801
93.0649998188
94.3589999676
91.625
92.3059999943
88.5380001068
72.001999855
88.646999836
94.2910001278
99.3880000114
88.5620000362
94.9270000458
92.4040000439
71.6519999504
93.4100000858
88.8099999428
92.4379999638
91.5720000267
110.549000025
88.0950000286
92.4760000706
95.510999918
71.9510002136
77.0440001488
95.1190001965
17.9290001392
