0.13543124543
0.196383940214
0.246808155987
0.292688890337
0.337177411359
0.380718473144
0.424308207184
0.468570518655
0.513930494447
0.560581358516
0.608748705518
0.658971660343
0.711533515541
0.76669494703
0.82500275785
0.886964688422
0.952769030878
1.02310029622
1.09857703505
1.18070354619
1.2701452241
1.36784547371
1.47473076619
1.5941401017
1.7279848103
1.87947330105
2.05374491783
2.25819955976
2.50209187388
2.80222415672
3.1871288953
3.70450202707
4.46513908039
5.79354851957
9.33489304227
