0.116377753217
0.16547408555
0.204640877888
0.239572448188
0.272364338015
0.303741790906
0.334585766325
0.365178730663
0.395655025308
0.426487605776
0.457411055467
0.488937839772
0.520867104643
0.553439389778
0.586918898974
0.621151951026
0.656192323696
0.692603236318
0.730015727321
0.768898424135
0.809675226256
0.851808421867
0.895970133315
0.941691141494
0.989899743661
1.04055755466
1.09420221999
1.15066542906
1.21037600771
1.27365017784
1.34168502014
1.41434633915
1.4920219548
1.5758069847
1.6665967053
1.76618500686
1.87487634217
1.99486015307
2.12879011027
2.27867038418
2.44816654312
2.64350865878
2.87280082171
3.14608148787
3.48207689131
3.91149309418
4.48968275891
5.34178609762
6.80982488678
10.7055826602
