0.121735696425
0.173701283851
0.215669785084
0.253422127634
0.288940118915
0.323439055086
0.35729641579
0.391212208232
0.425157939633
0.459520740518
0.494402714221
0.530188516089
0.566848670651
0.604507972334
0.643274086497
0.683329459562
0.72510813771
0.768266767052
0.81347977134
0.860832455028
0.910055657207
0.962165114488
1.01720489155
1.07503313547
1.13638334388
1.20190536555
1.27222748771
1.34801134781
1.42959819919
1.51743624213
1.61315636444
1.71760870473
1.83318838192
1.96150315796
2.10535387167
2.26953543597
2.4586054122
2.68110301811
2.94304758025
3.2679184576
3.67934914446
4.23728005753
5.05749986377
6.47463331287
10.2403827343
