20.0 9.0 0.0151883453058 0.0143388552219
30.0 14.0 0.113307725268 0.111131932285
40.0 19.0 0.291984897802 0.289533203873
50.0 24.0 0.481551383169 0.479540140489
60.0 29.0 0.638620266436 0.637188808272
70.0 34.0 0.754143986191 0.753227252675
80.0 39.0 0.834518433543 0.834096632708
90.0 45.0 0.889398315278 0.889398315278
100.0 51.0 0.926973057502 0.926934737306
110.0 57.0 0.952638770418 0.952119512866
120.0 65.0 0.969950259683 0.968750116841
130.0 73.0 0.981310439299 0.979577181189
140.0 82.0 0.988552586343 0.986567401783
150.0 91.0 0.993048331513 0.99107365853
160.0 100.0 0.995790308128 0.993991636896
