3.19870237684482 17.1150449407319 44.9817701095913 48.1804724864362
2.01718026443973 24.0225228009223 34.0983501546612 36.1155304191009
2.6393600278823 10.2533915525751 35.5594711017001 38.1988311295824
5.83107484774573 8.42391140564726 35.5212160465436 41.3522908942893
15.7971818129263 19.9899996083878 48.24067040826 64.0378522211864
5.81811918983863 14.1933167156297 39.5254112991516 45.3435304889902
0.986860992000338 11.3690787269856 56.3858454290454 57.3727064210458
8.16043049552204 8.73818066967105 67.8379418211504 75.9983723166724
0.227060900635407 23.1270617201012 28.1006852800885 28.3277461807239
12.9570637629477 17.3816401548058 44.9124766147239 57.8695403776715
12.313224707956 47.8438470188695 37.1330024965893 49.4462272045453
7.60752371717943 21.5496138915141 44.5624716460561 52.1699953632355
4.57823591476521 15.9691377240661 51.1681717628535 55.7464076776187
7.56061680484141 7.66347248357052 34.9734426655299 42.5340594703713
0.180099568869686 4.00555068125723 25.1055901223788 25.2856896912485
34.9439909178136 39.176903146292 44.9158774109286 79.8598683287423
1.48070687699741 14.1133633283671 47.7071176683348 49.1878245453322
0.0466377730649909 4.90233681576908 41.7775121354423 41.8241499085073
3.89816465470727 7.40436157273089 62.0179780609558 65.916142715663
11.5647937571585 15.1059092876767 36.8784119934642 48.4432057506227
2.02228909346616 2.53755444717698 51.4975495569681 53.5198386504343
1.64813580087236 25.3580085502262 90.0795751451513 91.7277109460237
0.081307901126654 18.350583566071 51.2735382009842 51.3548461021108
34.2267033276159 43.8508071881577 50.4206846589836 84.6473879865995
3.56757827698618 5.82470053675485 34.3777085393644 37.9452868163506
6.41914016959627 24.1701017488228 35.5556552893158 41.9747954589121
0.682588635341851 2.99203233902203 49.0120101310887 49.6945987664306
3.74518508390518 15.5468285611195 36.9385178081695 40.6837028920746
6.03643948013252 7.98408482248794 53.8904627616315 59.926902241764
25.1194963869022 26.3245815191475 38.8931732653168 64.012669652219
16.7598071184455 22.6242411086616 71.1563278303367 87.9161349487822
7.91141151027323 11.2419163824737 33.8823817876403 41.7937932979135
12.1344463505994 15.711260393531 22.8848695430652 35.0193158936646
0.115223489169242 43.0814937900483 42.9662703008791 43.0814937900483
4.42081158633426 4.50238240892869 37.7293787523403 42.1501903386745
2.70544970672389 4.85842377557258 39.2378842617206 41.9433339684445
34.9350042120865 36.457853104409 76.2084004784584 111.143404690545
9.64944074792823 37.374796008364 45.1160098232971 54.7654505712253
10.6961137602992 17.3437762521901 38.1824609456828 48.878574705982
0.434763833950027 6.87341626897305 40.7890595164976 41.2238233504476
6.82941015605834 19.818651502602 73.9276863677787 80.7570965238371
3.34113503313578 3.40336475939762 29.9856500990908 33.3267851322266
21.2898706633471 24.9845140739947 53.3380476840368 74.6279183473838
12.9663106418987 22.4695572494523 48.455225113032 61.4215357549307
0.975048412372198 9.3144646338445 41.3255369464591 42.3005853588313
2.29708058302702 6.22150041466593 54.3422010343796 56.6392816174067
10.8719667759423 14.7671707047432 40.3968547763615 51.2688215523038
7.82615126402713 15.3153999360957 52.0026414833219 59.8287927473491
19.1851360314274 33.2697689095691 58.073060833196 77.2581968646233
15.0816942980976 25.4808617324721 42.4533263263556 57.5350206244532
8.91419404536885 15.3339327004244 44.5385388362633 53.4527328816321
3.30273920079707 21.0560535004949 35.5668727396254 38.8696119404225
4.78309574504316 15.3792864063237 28.7628334481004 33.5459291931436
7.17505341462606 10.8611556473867 49.2962179620061 56.4712713766322
16.3519973308284 25.6370703484948 77.62599478607 93.9779921168984
1.29890614734783 19.9241528823071 38.1146136913251 39.4135198386729
1.91859073573381 2.43324181172987 28.9162760249472 30.834866760681
3.07344121848806 27.7198234500051 38.2595014197133 41.3329426382014
1.52895725337345 1.79592509544635 43.7474292388138 45.2763864921872
3.8603164986029 11.0336550262621 44.3473706489758 48.2076871475787
4.70217835051135 9.18070258087117 50.4322659122663 55.1344442627777
15.2139597552702 45.820823998303 40.4281821568642 55.6421419121345
1.10526682847895 22.2386553456797 43.9546984148814 45.0599652433604
1.09324134593669 16.4738642275562 33.5006056077723 34.593846953709
24.4668778241333 48.9831549590687 26.6622532755723 51.1291310997056
1.76046367582315 13.4111002851614 32.6255934853261 34.3860571611492
17.7111699106016 23.7125971457486 43.054151501339 60.7653214119406
4.39877541419243 16.2242899972174 19.7089062625599 24.1076816767524
1.90175028080719 1.92286203816659 37.1518542770997 39.0536045579069
15.1782699875144 16.504199587019 47.6786608240546 62.856930811569
0.000273025596603976 2.28002145869987 29.8252561270864 29.825529152683
7.31128116949181 22.4422956222306 33.3048542002612 40.616135369753
4.27395986588576 27.2049962439359 44.126825038193 48.4007849040788
3.2888471780967 20.4929167039692 41.3126652709697 44.6015124490664
2.11384732658063 10.5774948862376 53.921998924252 56.0358462508327
22.9327460719717 23.3829070035514 35.9103002911251 58.8430463630968
3.15952537520356 12.2654937821323 25.8396636665076 28.9991890417112
3.30658202282088 5.86464803338571 58.8031206989044 62.1097027217253
20.7523242596396 21.290160290824 46.1286799078198 66.8810041674595
0.996254482868664 21.9892553496799 33.4880920891494 34.484346572018
16.6535343407361 23.7445627297736 53.7537778054929 70.407312146229
7.406374605523 18.772353324082 46.9870336952767 54.3934083007997
6.14714551999101 33.8395699670847 37.762362436619 43.90950795661
11.2239068301698 18.7838327024558 30.8524526300661 42.0763594602358
3.98931493284744 14.1998043791873 47.398415235906 51.3877301687535
7.58437469165791 17.0809103000241 69.1890113515199 76.7733860431778
1.8212529414097 11.7598252360351 50.7129429255113 52.534195866921
2.11704461354968 50.9119733394705 48.7949287259208 50.9119733394705
2.3113748991072 7.11641976122612 43.1384191093573 45.4497940084645
2.68525423670336 4.4693943334354 29.3999460886783 32.0852003253817
0.644954244621601 2.19437468372748 39.7288072812944 40.373761525916
12.2079076371416 14.7735667517514 49.3882394462949 61.5961470834365
6.4858441691704 30.6942503131551 42.8967998027984 49.3826439719688
4.1038795554638 40.4697812003416 56.0894289775277 60.1933085329915
11.0084769546412 12.2159344175279 29.9500109275425 40.9584878821837
12.4924067674885 27.3659531540468 45.1772808995358 57.6696876670243
1.97707223505234 3.33569898199609 37.0030522199748 38.9801244550271
15.0274761485082 22.4443920867616 42.5427361894843 57.5702123379926
16.7733352920372 28.7976670375445 54.4405655713443 71.2139008633816
26.8064638151877 47.8085305567412 46.712422279131 73.5188860943187
4.70607396701509 25.3675989614337 20.6615249944186 25.3675989614337
3.6666028107946 13.5852097158662 35.6588274851836 39.3254302959782
4.61409651915056 12.0588458769055 47.3854400652491 51.9995365843997
0.751143818382597 10.7289385348628 41.9595236971213 42.7106675155039
15.0804607380059 20.926262043321 14.7256978549733 29.8061585929793
0.739613015749123 12.5804407351259 58.3641301428704 59.1037431586195
27.1022862923743 53.915205635983 26.8129193436087 53.915205635983
1.05244633403028 18.9145241628662 32.1822436602779 33.2346899943082
3.87862734561388 17.2451606536625 41.7485813728962 45.6272087185101
23.6469413645321 31.8758332052907 34.0562187905336 57.7031601550656
19.0315527454615 21.8685057057922 39.4907337767388 58.5222865222003
22.3518355841429 39.7504290464117 36.1172489716344 58.4690845557773
4.94509061319967 24.7935011404429 39.9360440756622 44.8811346888619
0.480954469082249 2.09304343538435 41.1046323430638 41.585586812146
7.12074766483197 7.16116662700583 50.1338390713688 57.2545867362008
19.1016291144924 30.5558370772088 39.9389607647941 59.0405898792864
3.89181103146893 4.05162092886515 39.4312281638401 43.323039195309
5.6236150138114 9.91162496299406 43.6653125085854 49.2889275223968
14.8986477794598 16.4700991498656 76.7466344568487 91.6452822363085
4.80972136651627 8.38678740260522 37.4386440787141 42.2483654452303
52.8201144258341 53.4201985588788 31.7034808610682 84.5235952869023
10.1904625073329 16.3313746438219 35.721379984173 45.9118424915059
1.61948561212644 5.35879499694703 62.6272400146785 64.246725626805
27.7565871745905 46.0017864859997 38.2704007011987 66.0269878757892
12.6709983888796 52.1181647406004 39.4471663517208 52.1181647406004
3.49591666950239 41.4648889654322 50.1208883927245 53.6168050622269
0.423018935203023 20.7197090387438 50.3086683199355 50.7316872551386
0.112506485845991 26.0672278004033 39.9587947649278 40.0713012507738
9.48976763290154 21.7746760781374 46.5380997242672 56.0278673571688
6.48670781510361 22.4321081951583 51.8157103807786 58.3024181958822
12.7180448237276 37.6048312312766 24.886786407549 37.6048312312766
6.80080664368028 7.56987045887952 37.731924523966 44.5327311676463
6.31903283377682 13.7881110113321 44.3691577447871 50.688190578564
28.6455669231525 30.5667888553356 40.9139095803756 69.5594765035281
12.7099037556136 12.7512897738231 57.8146675879357 70.5245713435493
7.01020578974857 28.113376226399 77.5935982347874 84.603804024536
1.66744918294605 3.3406912916593 1.90182436431643 3.56927354726247
4.89132844703601 8.54398501767133 40.4957283789995 45.3870568260355
22.6184003268254 23.5373111757325 62.8993489022484 85.5177492290737
2.97962687169897 32.1321885969827 33.8890362821435 36.8686631538425
9.11611334278314 20.5605691353708 27.6706477589261 36.7867611017092
0.689293718720224 16.6568961566521 48.0792529936997 48.7685467124199
20.348633515786 23.293989623 43.5932349583717 63.9418684741578
3.57171778856416 20.758092332261 48.2528879317803 51.8246057203444
4.85468917755416 29.6718136672374 61.6240683784863 66.4787575560405
1.8564558126225 5.69956441459375 33.5843526269087 35.4408084395312
3.78151699834371 8.30234400808859 64.5263845930769 68.3079015914206
5.62570807100419 19.9917939493136 14.3660858783094 19.9917939493136
17.5580779392221 52.4991842485454 34.9411063093233 52.4991842485454
16.8992824110616 22.5526421064501 48.0711678551933 64.9704502662549
4.95754945890353 19.1530165635309 39.3828806155019 44.3404300744054
13.833055162447 28.8985757196138 40.0933156699938 53.9263708324408
0.0288937730269128 4.7814276853149 22.2761850008256 22.3050787738525
5.64420762081677 10.7327494030961 37.4593565337609 43.1035641545777
27.5771346844412 44.6877161111367 66.1543778326499 93.7315125170911
13.3300485667855 18.6822602828434 37.8713481845028 51.2013967512883
1.71310290821933 5.52773485647651 46.2595726654264 47.9726755736457
5.65482528921034 17.2483711954815 50.3249626212998 55.9797879105101
4.36971077957145 14.8867916567647 46.4099398339634 50.7796506135348
6.60939180226047 12.866155212611 40.8830901447029 47.4924819469634
0.303279944661156 17.7531219614644 41.7781860678948 42.0814660125559
25.5478171571173 25.6093662785465 28.2545112793221 53.8023284364394
6.67543087932806 8.01233927244698 48.4486730104418 55.1241038897698
18.5940475582676 46.7746681951223 57.3209744618785 75.9150220201461
2.06221641089287 12.3864904898173 57.0294991487139 59.0917155596067
4.42355303473401 6.32282293305353 44.6386853371896 49.0622383719236
5.52701297476961 9.06928335506138 25.1723567107236 30.6993696854932
5.92647137039969 17.5676986099704 40.4229271862822 46.3493985566819
3.96769246353601 5.53137357746061 32.7018418701663 36.6695343337024
0.0546847468349508 1.39266501189791 98.3851659402917 98.4398506871267
11.9851845417236 19.489458045796 49.7909050132878 61.7760895550114
27.418085378733 39.7922171877842 35.2622296143593 62.6803149930923
7.64206990975587 10.6654929578603 43.8467276365351 51.488797546291
7.2758523062492 9.50241561432876 59.726911589678 67.0027638959271
15.3106122168379 24.9633787522233 65.3083342859893 80.6189465028272
26.3540964046717 29.3758972155521 26.0051125265953 52.359208931267
14.6863008073729 16.9646584145313 37.981221090758 52.6675218981309
18.915843389475 25.6745339728217 42.7698477476867 61.6856911371617
8.05420721929073 33.6038360302626 64.678228674673 72.7324358939637
7.96112014282067 18.7952940092226 75.8137256430874 83.7748457859081
39.1958468725131 48.7114321516463 47.6397576827247 86.8356045552378
9.44592818647133 10.5703797498864 47.0497657753131 56.4956939617845
2.03286050509197 33.2152748424445 45.3691858371772 47.4020463422691
15.9650101505904 19.1868509733757 34.4160250275161 50.3810351781065
0.903304100180863 1.29925790456693 49.2586215749631 50.161925675144
35.2075844867489 36.7001673171006 65.4996153328643 100.707199819613
6.7440131704245 18.6431001336338 38.7028866357888 45.4468998062133
0.378164801324063 1.7404244527951 28.0597971069888 28.4379619083128
0.0644900497380693 4.45680563273303 43.6087940626791 43.6732841124172
40.8222473456373 49.7301786248028 68.5010231665574 109.323270512195
4.25384186940892 12.5014912631631 48.3122773187082 52.5661191881171
12.789495212025 19.0961641812258 32.1759778327894 44.9654730448145
0.333833215173999 10.9854616632574 49.2934054149622 49.6272386301362
5.31381272304073 15.0608276421116 46.560113836406 51.8739265594467
2.58509425470927 3.8686293320352 36.3608478603878 38.945942115097
11.2649661097246 22.5185416866881 11.2535755769636 22.5185416866881
8.66488567931763 19.8217220972381 46.7352656997923 55.4001513791099
0.253865079568436 4.03495451903787 38.9806998463072 39.2345649258757
1.21038797319106 3.15632684037397 68.3195317208214 69.5299196940125
0.274870840309802 13.8780018132859 32.9896595211016 33.2645303614114
13.6580761012069 13.8682280016555 44.4505047746024 58.1085808758093
20.229499533062 31.4963732339208 46.1817374215893 66.4112369546513
1.08417077267061 10.6947419966926 35.7094305706717 36.7936013433423
17.2472994348277 35.8513860966027 39.1522180611761 56.3995174960038
1.24552407803271 24.6791264949235 42.6747972542759 43.9203213323086
6.0759864843718 6.57114747659749 44.3147801195264 50.3907666038982
2.42013935285619 9.70606033070703 42.8425713726877 45.2627107255439
6.65452838440841 8.62273856408138 32.1275853026037 38.7821136870121
10.4303531844595 25.5577210933234 34.5424847615491 44.9728379460086
0.0828718795086078 8.25933359909642 33.9025355748977 33.9854074544063
33.9791106373948 36.3453919268735 28.6804625660666 62.6595732034614
3.68563266771307 21.1641652327945 37.4289453111319 41.1145779788449
21.1042792910863 35.5437912744662 37.0353165587436 58.1395958498298
16.3521343925497 61.5387958156362 45.1866614230865 61.5387958156362
7.00137940886372 26.0555367105961 39.6560458479197 46.6574252567834
5.42506507127495 18.1190216488139 26.4214359755502 31.8465010468252
13.4069245538181 13.9237624654877 43.0335171294969 56.440441683315
11.7001218888204 30.6516280254014 35.7067238112423 47.4068457000627
14.1825548748863 37.3551476951424 26.2008607970669 40.3834156719532
2.43249677333115 9.4686183514412 37.5400887109684 39.9725854842996
20.1695535238897 26.6556813415936 35.0107363415549 55.1802898654446
4.9020018741082 6.77650621988347 36.2440843728214 41.1460862469296
5.81086978573881 9.85055843638295 36.0145532114732 41.825422997212
4.22175002676283 12.3204898910851 39.0675514047435 43.2893014315063
10.7579131924603 19.0492155795889 47.2911898256839 58.0491030181442
37.5881922561299 38.2077123413151 38.3904851817834 75.9786774379133
23.3010098477638 23.8618251456674 37.1600355481894 60.4610453959531
1.30210530903835 11.4692934103198 49.7498567322788 51.0519620413172
3.41262411466047 4.23723278947824 45.9262625308224 49.3388866454828
1.14133279020855 29.9045880746054 44.2418724404509 45.3832052306594
4.28839664835425 13.1675249254054 42.6813276497826 46.9697242981369
13.6528594908614 35.6261798027778 27.5196935915327 41.172553082394
13.2865559536879 17.0619638745798 31.0613075209078 44.3478634745957
7.46521337021444 9.43613825400269 45.1047178083456 52.5699311785601
16.3012625799924 26.5391064889339 43.7842654212551 60.0855280012475
1.19251412959588 28.9933010207514 35.8752635786599 37.0677777082558
7.10121285482913 13.8119778252602 76.1244440465674 83.2256569013965
4.4969351827479 5.67772499797475 19.7020603134819 24.1989954962298
11.4033406759709 16.0465737850673 36.5392045770916 47.9425452530625
9.97034383793642 56.5471592501633 46.5768154122269 56.5471592501633
14.0841009555313 23.7926613670101 58.4814940753016 72.5655950308329
0.0458987986283527 7.32511923627485 48.8474688650505 48.8933676636788
4.93466874029779 9.20657476896265 35.4611440195874 40.3958127598852
63.0634566341778 79.0058988784239 48.2694686032452 111.332925237423
0.167120360094969 4.93063073512662 45.06592687113 45.233047231225
0.389578802423153 13.7004225555779 46.2748460221742 46.6644248245973
18.5059632427274 30.6717059984722 36.6367465360807 55.1427097788081
2.58437899554147 13.5574654504807 59.9928126937755 62.577191689317
23.9387070334934 38.6989644310561 43.4015989896423 67.3403060231357
16.5594094126646 21.6920118021111 50.8810807283752 67.4404901410399
27.7254812438453 37.5362459291489 28.2253352838435 55.9508165276888
22.0671055624314 39.3608423261588 29.4258035756854 51.4929091381168
3.1088661166947 8.4427732656406 62.7917762392414 65.9006423559361
22.8352920401936 33.9713099115232 48.6331980924162 71.4684901326097
1.74559029056246 4.84064224364864 37.6344028520905 39.379993142653
4.42122746757694 23.3835059687958 18.9622785012189 23.3835059687958
5.56913865866286 9.77837526439898 26.068275671732 31.6374143303948
14.2033109349649 14.8479046332606 36.7320972662154 50.9354082011804
1.77700185698934 5.07343352398062 53.2268594163266 55.003861273316
1.51310519924053 20.0871950764159 45.5434216145474 47.0565268137879
8.04366400056057 58.831006065586 50.7873420650254 58.831006065586
0.974643795868055 22.1101810381645 36.2243864724727 37.1990302683407
2.19190929563392 3.24006979465998 42.1396100254594 44.3315193210933
7.75997590450311 25.8410102405309 41.3202442415969 49.0802201461
10.7739091901443 45.8542260858484 37.0193080031775 47.7932171933217
2.50854737937188 6.39189059698915 25.4482697787477 27.9568171581195
8.51218650030843 15.6742535749531 34.6424716315788 43.1546581318872
4.35140893521619 13.149098132558 66.6141559219672 70.9655648571834
0.00994567179862888 4.29210517816844 45.7609386934305 45.7708843652291
4.96048369414347 29.4103655410569 34.5455122857212 39.5059959798646
24.112304756464 26.7279867595195 43.9516979321315 68.0640026885955
4.71860052208439 32.6868842477119 29.917244280833 34.6358448029174
0.0939301680952811 6.59987741509663 39.5878091994331 39.6817393675284
1.35631873304638 25.5413457076152 34.3975560630604 35.7538747961067
6.17031001749195 27.7088468318216 37.8370562491496 44.0073662666416
19.831185501344 52.0552425527172 47.4783789406968 67.3095644420408
62.1581216023294 79.4893859298914 38.6962827543454 100.854404356675
5.84354821365903 13.5092688986453 81.4301132466834 87.2736614603425
3.97210582376436 5.90954695885382 47.0282314766911 51.0003373004554
9.69595078804385 27.2847261739779 34.336654172593 44.0326049606369
1.43676602206929 5.84222846706357 25.350319249 26.7870852710693
11.2384106943689 16.1536437895654 31.0067877905492 42.2451984849181
2.39991069507274 22.5562522755737 36.7092763379713 39.1091870330441
6.54003376510754 17.8625580923596 46.9670141727295 53.5070479378371
1.86767617342409 5.70323345082479 42.8375257900027 44.7052019634268
6.1396223524244 20.6589107789751 51.5293705674893 57.6689929199137
6.49109819230056 12.9444519093897 6.45335371708914 12.9444519093897
18.1456226558094 28.4410249041707 39.3951542916442 57.5407769474537
4.55414033481419 28.9376470200043 32.1278148646507 36.6819551994648
5.91974052115763 21.569214739024 42.2212417741754 48.140982295333
11.5642147757601 20.5882554196607 31.5878646228819 43.152079398642
13.8649209439691 19.4234330255849 40.6585082704342 54.5234292144033
2.22356093276604 19.9757973785859 43.0342061848142 45.2577671175802
7.76243051584518 15.2599487384997 7.49751822265452 15.2599487384997
0.816431659861401 58.074723904584 57.2582922447226 58.074723904584
10.8649469548294 24.4148117712592 39.3162296952989 50.1811766501283
16.4894679754116 21.895080686028 39.8064498189577 56.2959177943693
18.9537646191687 26.120494357434 18.0423906810046 36.9961553001733
4.13484213831249 21.6733467030939 42.4985004023092 46.6333425406217
15.8332465832212 16.4216227591995 50.5361711110403 66.3694176942615
6.25681375487028 8.7981459959912 41.1781193385319 47.4349330934022
6.73403472994776 7.99687468651405 37.6355217247225 44.3695564546702
2.57151496806603 6.39734175782456 32.5336192438302 35.1051342118963
7.29098739482851 26.8231638111598 43.9489462677129 51.2399336625414
22.9058254396992 24.7848246586127 44.9469470107502 67.8527724504494
8.24026719966909 19.8269456934924 27.4281621081943 35.6684293078634
21.2518280757758 25.472955925525 40.0910771150584 61.3429051908342
1.51249779129127 8.49293532258664 30.1071035983531 31.6196013896444
5.75577689287095 21.2515378287837 45.1019894298808 50.8577663227518
3.53554180884678 7.1890824347316 9.86964559448284 13.4051874033296
4.45235856103459 4.72193086998618 12.573646611688 17.0260051727226
41.6632162387743 58.1742958358835 45.410199373539 87.0734156123132
5.63099150418591 27.3724254151288 44.1609987535831 49.791990257769
7.80980377753522 13.8439247383689 40.5282830986885 48.3380868762237
0.0660886981361027 6.75274606885706 51.4262783163262 51.4923670144623
21.0093196695879 30.309821724025 46.047504557564 67.0568242271519
21.1610745618455 21.2861332882471 28.63342926606 49.7945038279055
12.6157244681211 18.0943610825482 58.7321351874502 71.3478596555713
4.61070989369848 11.8978170183376 63.4317071229681 68.0424170166666
2.24043368348573 4.52403573006985 4.13149431865938 6.37192800214511
13.6404493310165 32.3680433756683 43.2312193459312 56.8716686769478
13.3186232806392 33.6113549533182 45.5026239001244 58.8212471807636
43.4371876231783 54.59759924184 37.5097528267265 80.9469404499049
8.07948040624565 16.2310091579824 11.4644307091159 19.5439111153615
12.2308026526341 16.0707686155631 62.1303639881231 74.3611666407571
1.74645959181076 18.0296318987637 34.9168061752863 36.663265767097
1.94543221098116 3.0932835821832 45.7392045475974 47.6846367585785
6.33898560900347 36.4471203832109 40.4247380458878 46.7637236548913
0.496491206924727 25.054528615961 36.725753809955 37.2222450168797
15.9876079563184 17.5181250772641 47.0614468952322 63.0490548515506
0.561608590956071 8.38275242322702 40.3467166353202 40.9083252262763
1.60478850982926 5.33927087194415 33.5699660195174 35.1747545293467
1.09677111844828 13.4240319850159 43.5481262792195 44.6448973976677
7.61637991605355 8.8832561792364 38.1276762445745 45.744056160628
1.69200342611042 10.9390230519752 37.1447291226231 38.8367325487335
10.3226889436467 13.0365748512432 44.8304701736898 55.1531591173366
5.946097134942 6.67614488191615 39.226336607876 45.172433742818
11.897695673464 11.9838773364581 31.9709040659971 43.8685997394611
8.70475173324561 15.7648709697178 40.3968807008314 49.101632434077
9.39112218115099 19.4006246142358 41.440313049874 50.831435231025
8.63245093212293 14.1063410410875 36.835351384969 45.4678023170919
4.11164702022977 40.2571930573488 36.145546037119 40.2571930573488
5.0994382992412 24.421165456158 40.0342565054277 45.1336948046689
0.704252612680006 10.0347102325688 61.2602325896471 61.9644852023272
0.915004104286856 15.3671227869996 38.3806692383038 39.2956733425907
12.0697462589992 27.4989392658288 39.6693790822823 51.7391253412815
3.84914187023476 11.6170757457667 39.8368859292372 43.686027799472
10.7097748936497 15.4498380586868 40.5122104525506 51.2219853462003
7.62028906471016 8.02755060907782 16.011846957697 23.6321360224072
2.24070978172513 7.20456782714598 33.2515352251067 35.4922450068318
15.2833114582532 28.3626255754495 39.5707196393313 54.8540310975844
0.953618510088545 55.5912563035643 57.126170499628 58.0797890097165
6.54592367497004 57.9698685040867 51.4239448291166 57.9698685040867
1.48428660271695 11.2322659915967 42.592970049851 44.077256652568
0.516441555644102 2.88429202872038 45.1434977901832 45.6599393458273
13.0596247987702 17.4577456997611 56.9297006628893 69.9893254616595
6.99201846436108 12.9017073429843 47.9637088368675 54.9557273012286
11.1633065878636 25.4542467891062 48.0627305277351 59.2260371155986
16.7119985142602 24.4624436309095 55.5935719313991 72.3055704456594
13.4149993527456 17.9967289313294 56.7725200278496 70.1875193805952
4.85399738552414 13.4732922502777 41.7250824300545 46.5790798155787
5.29513092804638 10.2971453818473 46.7815755307215 52.0767064587679
0.964341371541406 9.83740293166508 54.948042307168 55.9123836787094
10.2100415143259 20.5874915906257 21.1182766243776 31.3283181387035
2.7865507620217 17.2040668984111 36.3284745836345 39.1150253456562
2.37068410239436 14.9217222428644 19.8641776448787 22.2348617472731
21.2539528291985 22.3037765341485 42.1943341773066 63.4482870065051
22.7749723170619 37.3551670980235 49.3016971967204 72.0766695137823
4.88384175243115 23.8355531845349 49.2168361920765 54.1006779445077
4.50648077515201 7.38234715843101 49.3338282111163 53.8403089862683
5.61129091064006 13.2698135918604 33.3773824769235 38.9886733875636
2.03085573336339 2.06939854364619 42.6882871088219 44.7191428421853
1.4565507500353 26.1577328252799 47.2618739229838 48.7184246730192
14.2864615980692 35.9146341640629 61.5171226106699 75.8035842087391
9.74212889356427 25.0032415934411 41.87828343437 51.6204123279342
5.22987694792742 25.8836822197296 68.8401704047361 74.0700473526635
4.10292943494264 4.23785723283196 55.2170909815957 59.3200204165383
25.1342038691091 25.8146347195108 36.4186546581089 61.552858527218
6.28838262381801 22.0447623699266 50.3539515951836 56.6423342190016
0.0479007911306407 7.65407916600873 38.2233018741153 38.271202665246
18.373098422263 21.4331712713346 45.5547768005173 63.9278752227803
7.32850627212501 20.4569244489508 87.5711355542495 94.8996418263745
27.5198697795357 51.6931438606488 61.8020940477817 89.3219638273174
18.8187119207604 26.21968553725 37.4042056230602 56.2229175438206
0.148603413090653 5.46387833353588 46.2334351794708 46.3820385925614
33.147505545617 41.0617183463979 32.5376982797013 65.6852038253183
11.0237338410911 14.8434718095054 34.1294963793741 45.1532302204652
33.7957488131496 34.6924987087657 32.6438588646185 66.4396076777681
6.59259354282818 30.4688034179976 46.556942414564 53.1495359573921
5.56122778850761 8.40487473739764 51.259030757817 56.8202585463246
1.51734870148075 17.1940845910037 57.9613970492219 59.4787457507027
14.9477685810729 18.6573828107405 52.0140685208352 66.9618371019081
21.5183984439668 27.85331175534 40.4390606099279 61.9574590538947
18.4960485222149 19.9906733587925 44.6546051811099 63.1506537033248
2.54216795715227 3.10592829326206 40.731594113396 43.2737620705483
1.82842325811311 2.1119067082542 49.0542662441718 50.8826895022849
2.81291811571811 7.6715586714375 49.6768434326733 52.4897615483914
14.2588261843293 16.6087034062576 31.0454978508223 45.3043240351516
17.4184709847828 35.9437169959064 46.0573218611006 63.4757928458834
20.9051359664489 21.4112304085883 45.9559802675608 66.8611162340097
17.1638281572368 28.7660742733731 29.656804333442 46.8206324906789
5.48235894137225 20.3024138097333 62.140013614882 67.6223725562542
3.16004317037349 10.6633429219813 37.4276576490287 40.5877008194022
1.86927968689492 17.4747842701627 51.0839112654043 52.9531909522992
14.7537075595797 34.1477744941309 60.6797889114501 75.4334964710298
9.14569856658655 22.0837385174027 46.4675795342863 55.6132781008728
31.1028799599814 31.9403628589112 30.9699150297061 62.0727949896875
12.728916802489 13.8847875094422 30.3700557682705 43.0989725707596
7.24488959547014 25.5776302726808 40.8251579636921 48.0700475591623
10.3024420725268 14.4214368140805 37.910159059488 48.2126011320148
4.98475870342953 9.17695722405576 47.9314727643982 52.9162314678278
8.77091489912764 13.5582068916231 36.2202149876376 44.9911298867653
2.30333923621979 36.5223514885919 34.2190122523721 36.5223514885919
16.4610211693598 16.5281892390089 70.2222110678863 86.6832322372461
22.8074565712259 23.9049710254754 46.1110044478335 68.9184610190594
20.0311829886675 38.785288577368 18.7541055887005 38.785288577368
6.44184323895215 13.034154076445 15.5390896088226 21.9809328477747
2.80024987751765 3.47558901043789 47.9354859837942 50.7357358613119
9.80873250434146 12.4673375162258 34.5628096804759 44.3715421848174
3.27868458222374 5.72091500158879 33.6005407538958 36.8792253361196
7.83388513173266 12.9000082887179 32.2975236188192 40.1314087505519
24.6130142901924 24.7528664355551 62.7760400949223 87.3890543851147
5.3562007986138 24.9568875355012 35.3037303825823 40.6599311811961
32.1416134189444 41.3596613159861 30.6296381847144 62.7712516036588
2.51030041876811 8.64365000497121 35.3756952408934 37.8859956596615
10.6054850067122 13.1561244409569 28.0230097006449 38.6284947073571
3.56763018269949 11.2158334125139 46.5411854641228 50.1088156468223
3.4650326038469 18.4527623018153 34.3863284293733 37.8513610332202
7.67634819071633 25.4066853722902 30.6291428416094 38.3054910323257
6.07722262225995 20.1287469922116 30.3055729112601 36.38279553352
1.76810079479389 8.47013273941916 51.3014032965119 53.0695040913058
8.60005897023427 24.8955833917356 41.3360299344027 49.936088904637
0.989430971047983 3.50769707459201 49.7752188989275 50.7646498699755
8.9260529546502 22.5430207529329 35.29051686644 44.2165698210902
2.0394608382158 20.7499685448845 41.8191426701957 43.8586035084115
5.4252832567223 12.1744345772753 53.6875789736868 59.1128622304091
2.85709485192871 5.12806269942468 38.3330149940191 41.1901098459478
14.5116369062415 15.799757742944 86.1684770355964 100.680113941838
0.794643721663207 11.7824198565388 38.979245866638 39.7738895883012
5.36894849128482 16.9691162125034 43.8573471065597 49.2262955978445
0.0827917722337119 6.36505102035324 33.5448198208284 33.6276115930621
29.5533398448964 31.8894470798448 45.5676793939476 75.121019238844
5.98765085176527 8.80678430124894 48.6901934806999 54.6778443324652
18.3061781490496 26.7585130754603 53.224228767304 71.5304069163536
0.346201503568595 23.8920877859162 35.2891410619277 35.6353425654963
8.13677768129617 13.4307562247852 36.4340715172215 44.5708491985177
8.43899569722371 12.6333136713475 38.2768492057785 46.7158449030022
0.796168734573365 7.00573840913446 36.4877342410239 37.2839029755973
28.987626657003 29.3427179979645 27.2815602898418 56.2691869468448
4.45334854697318 6.78665582400573 61.4376019264396 65.8909504734128
11.7827646557609 19.6617223149346 44.6083930065191 56.3911576622801
0.00957272775989331 3.85929685148019 33.6105116208397 33.6200843485996
1.44664243966376 38.7292906427238 37.28264820306 38.7292906427238
7.88032282967979 17.7279512185878 39.9478441694672 47.8281669991469
4.05312667344587 14.6053057455281 39.5667786528731 43.6199053263189
23.6030742765711 34.7717436762425 43.1141498463542 66.7172241229253
0.0736478535463828 24.5690961778887 37.7057005537699 37.7793484073163
3.72706656056294 29.7086806518123 61.5389686732958 65.2660352338587
29.6608637221697 33.6883727122524 48.3322243679253 77.993088090095
1.25077977348519 11.2224723924354 40.3016532407029 41.5524330141881
3.55603244092293 5.67796846518033 37.7005831907023 41.2566156316253
10.8639245998978 14.4842659631159 61.2723243748163 72.1362489747141
2.03449697768716 5.30529816587888 43.3582509388807 45.3927479165679
0.61894285559958 1.51206964393033 36.9830118986859 37.6019547542855
6.5588824366538 25.4778026416339 79.1968425488175 85.7557249854713
16.9121098432103 24.643924909969 50.4139100259413 67.3260198691516
6.72958707696599 8.44707482504001 20.7174895036418 27.4470765806078
9.55340683825564 12.0839636172055 57.9593043496717 67.5127111879273
9.74731565561702 11.4986632681107 54.1481970973944 63.8955127530114
6.52137241777411 16.018369057958 33.52228162079 40.0436540385641
9.58590317202912 19.9015621315643 51.7649653993172 61.3508685713464
12.3514294564299 16.8438793713468 41.568519729571 53.9199491860009
1.83737842393546 6.92203267214833 27.595498707354 29.4328771312895
2.35187140833825 10.2690653158132 49.5513678213975 51.9032392297357
3.1648933519339 17.0368247760082 47.8073617128854 50.9722550648193
9.04376846823986 11.1403254026801 37.5973665624662 46.641135030706
6.23930782645601 20.8592729238698 41.6503348772568 47.8896427037128
8.55685525555314 11.9621764519193 59.5567240160691 68.1135792716223
26.0076536258943 37.95223919255 39.5563837922996 65.5640374181938
10.9429956474271 11.428783023666 41.6057090067205 52.5487046541476
0.874818350440602 22.29252609984 21.4177077493994 22.29252609984
2.52999505015706 3.27736348948585 39.6272239762258 42.1572190263829
4.27610769029239 17.812823010525 39.0500209017696 43.3261285920619
1.94192038846601 11.6725049653578 75.503345312458 77.445265700924
14.4061923694442 16.7567235159985 51.9938819403865 66.4000743098307
1.75668863978206 3.60631661558599 6.37760102166317 8.13428966144523
5.83670890851724 23.4403181597825 42.411735971263 48.2484448797803
7.96164806801921 17.0287232163178 36.4118973810484 44.3735454490676
2.97302919323499 3.9369368655255 37.3623721674853 40.3354013607203
3.26956461357292 5.17320496705862 32.7692447245396 36.0388093381125
5.29983863455053 13.9068200114559 23.9282336778654 29.228072312416
27.7077241569031 30.9590246759727 69.1622634722745 96.8699876291777
16.9940094775791 32.5690812155191 39.7284044567121 56.7224139342911
31.8973373225638 32.260285495331 31.5982339318745 63.4955712544383
1.23513178450858 8.07358103658215 36.4033018086038 37.6384335931124
4.24153551025004 6.01751603791662 39.0037147733375 43.2452502835876
14.4328797860135 40.9339062326658 26.5010264466523 40.9339062326658
4.9510396077271 6.69719901970515 28.6256624823783 33.5767020901054
4.44205495408601 17.2192953382473 42.1952093702913 46.6372643243773
2.46314867462016 7.02983451188823 60.9861629671814 63.4493116418016
0.693198887914868 3.6131956709066 63.5893312336186 64.2825301215334
30.9336166912801 32.2006430439586 28.2637066003221 59.1973232916022
6.04813157747044 9.64226151865129 62.6325893340264 68.6807209114969
6.27059645747158 11.747969927249 39.5165611268102 45.7871575842817
13.5799186294252 21.8938262408585 71.6326769716159 85.2125956010411
40.7362418167127 42.7611859109621 55.1319898873928 95.8682317041056
17.9042483296855 43.2807909766995 53.5292354572184 71.4334837869039
25.9173673880951 31.521564441614 54.4425137760443 80.3598811641394
3.20155775542974 24.0962828294438 31.2746510248756 34.4762087803053
13.3950907637632 19.6079490372376 42.1559281300011 55.5510188937643
5.82398329324198 29.3070723842262 61.0207642082593 66.8447475015013
5.66214099468503 15.4720017295486 42.0817116813711 47.7438526760561
4.86701425525655 7.46065119172361 48.7670165254566 53.6340307807131
3.33055417797061 6.67275421623113 3.80730346870183 7.13785764667244
0.343921109924628 14.1480142418115 23.8346423645428 24.1785634744674
0.787377065407619 2.05639199411343 44.5824901900603 45.3698672554679
3.77801650545657 12.0341016138995 51.814740847652 55.5927573531085
0.0761743885484317 10.7734909762712 50.8434274204088 50.9196018089573
3.52112280793281 24.3933839902516 44.7364565082437 48.2575793161766
3.85537267510318 15.2606263137211 35.1773305838318 39.032703258935
4.67687273454223 17.0708157622254 18.9143354947002 23.5912082292425
28.278260713359 36.5258873731958 38.0345512407065 66.3128119540654
4.43381790343389 5.8458186834279 74.475581996634 78.9093999000679
4.21322454094857 47.8859796440129 55.7601791861081 59.9734037270567
0.700826482597773 1.0675655682499 46.8621016452349 47.5629281278326
11.368769254006 15.9255964046099 39.7640667528883 51.1328360068943
22.2562221886155 30.755420686414 45.1725331633447 67.4287553519601
2.34493853504897 6.85382387330756 39.2285881130633 41.5735266481122
0.980396879157169 1.5102673029736 34.4354989059848 35.415895785142
25.9857651497516 34.8410405409582 24.2214864231969 50.2072515729485
17.7996511296027 20.8077373344046 36.2981887758151 54.0978399054179
0.76528507919235 10.1303829483522 33.9112640730801 34.6765491522724
2.43782409443437 10.814448491106 45.8280665387593 48.2658906331937
12.2915150427956 16.3040896522789 30.7013998489247 42.9929148917204
9.11935615960924 24.9272020357602 46.1711455043944 55.2905016640037
1.38243889104176 15.8025784644278 46.0451807564665 47.4276196475083
14.6840807758726 29.3851164609987 15.3857539815293 30.0698347574019
21.3787559510912 25.2348885465262 31.9630053721285 53.3417613232196
5.68590620981096 6.27828938446374 26.4564727246191 32.14237893443
15.1519429798078 15.4170480516587 50.4888907240448 65.6408337038526
3.97487308452535 6.82395116897065 34.0167445693446 37.9916176538699
7.27827768732571 12.3696580883136 40.3470388120642 47.62531649939
3.21556580860601 15.9416761897595 31.5472750875282 34.7628408961342
7.32210893229307 17.2415257045327 31.9688238923812 39.2909328246743
18.16720517187 21.2988783756529 52.2026181807111 70.369823352581
38.659055489297 69.040117897369 39.495326073463 78.1543815627601
8.03044420926338 8.53400232006072 56.2855974747688 64.3160416840322
7.63435489945742 14.6710929678281 44.7447633964743 52.3791182959317
25.9039704696838 29.2883874140798 52.1187747125965 78.0227451822803
0.413141280369952 5.13155617139506 15.9028649614766 16.3160062418466
0.315350716648808 9.49551053529723 50.5444053592212 50.85975607587
14.1165925015667 17.2974089150527 40.7415249876754 54.8581174892421
0.983778650175219 4.32803907397897 72.2194376627804 73.2032163129556
0.395223542148951 0.813659341853658 1.36850054798002 1.76372409012897
18.6286889842037 29.3047487710109 62.3943698885601 81.0230588727638
1.34804334893105 13.1106546798948 31.9205129858081 33.2685563347392
9.07610650125862 52.753362578989 43.6772560777304 52.753362578989
1.16536079074137 4.94288412077232 59.3673665050158 60.5327272957571
5.07758080527114 9.9508482427888 44.3962228496362 49.4738036549073
0.65758141342982 2.87117910993211 37.5432797545838 38.2008611680136
0.953932311496546 10.3894761772141 34.0166057836142 34.9705380951107
9.78383821595996 17.9485236906032 39.7482953504476 49.5321335664076
17.8214419559669 22.5603204130582 26.7681964274794 44.5896383834463
4.28237621495463 7.68960634928659 46.8285160144468 51.1108922294014
23.7161136818699 25.9846961493306 39.5021306671308 63.2182443490007
4.58501001097511 8.10135832286869 28.7093247812 33.2943347921751
2.43330458493686 3.02846579726133 53.236463293674 55.6697678786109
11.3286269663345 34.1501112354478 62.9853774609481 74.3140044272825
11.5523144088362 18.2841383296442 38.2363845038885 49.7886989127247
23.5065926432154 65.4873079331893 48.3083335271127 71.8149261703281
3.65296970373905 7.94667404431985 53.3036383584986 56.9566080622376
5.66582595353808 8.43740334656678 31.3356248542768 37.0014508078149
8.53108301715194 17.6785412592862 39.8630749350992 48.3941579522511
7.26837001171096 26.2267185145313 18.9583485028204 26.2267185145313
48.1852691232708 53.8492258080778 34.8358527499584 83.0211218732293
19.4147282544542 23.1464576571639 32.1496201901038 51.5643484445581
10.9625005199498 29.3989437972357 60.4469208993028 71.4094214192527
18.2624293316902 25.2448375539926 17.6993423183048 35.961771649995
7.05988283737159 19.7340443686515 46.9025698883224 53.9624527256939
0.928032291179624 1.804713271136 75.5808516445026 76.5088839356822
1.35984336930863 5.17063305965835 36.1671240780884 37.526967447397
4.4326405542211 5.12951920134001 57.6162696066346 62.0489101608557
3.34101877661774 4.12948669225529 58.0771597188291 61.4181784954469
0.543661651341781 11.7971292994186 51.1649868598724 51.7086485112141
22.4978006676642 65.7837870928606 43.2859864251964 65.7837870928606
0.780637019383337 44.4610588345104 43.6804218151271 44.4610588345104
39.1101707640672 43.0221719431768 39.5232160808132 78.6333868448804
1.95516630305662 9.42695431101531 43.8657191561057 45.8208854591623
19.8548478279927 31.0742607801459 38.8034209447324 58.658268772725
6.38926149985582 7.47197795825462 51.2297216909212 57.618983190777
7.60571737465109 22.5770367820617 51.7954451577219 59.401162532373
10.7794587536324 16.8583056236015 41.3322289515837 52.111687705216
6.61528940321933 33.8316330772258 49.3007459759154 55.9160353791348
4.62089846329882 24.207035092276 49.6743044211152 54.2952028844141
11.687663242726 17.0560067182594 30.1168055077238 41.8044687504498
12.1709751637007 23.8797790073067 11.708803843606 23.8797790073067
11.5619901625913 11.7799857774714 16.0357126239235 27.5977027865148
26.1233476927551 31.7648482438234 68.5995317251644 94.7228794179195
9.48002006397338 15.034377757416 30.9653060542722 40.4453261182456
6.34260849407234 42.2454153871562 84.0797103033222 90.4223187973946
14.3998395308855 36.8708496132017 51.0213259131358 65.4211654440213
20.7263861233721 22.3653927919961 40.3162098239272 61.0425959472993
18.8995973254588 19.0539668813202 18.7927980723421 37.6923953978009
0.205252592621299 3.80268018699367 49.7811414971921 49.9863940898134
13.2600055199584 13.5343996237601 37.125893808611 50.3858993285693
9.12558707276296 13.5669879856193 32.9213705722511 42.0469576450141
2.01320828193777 13.1934548033337 57.6107278887896 59.6239361707274
8.60688828180847 14.3063499450023 20.3808325825604 28.9877208643689
0.47962230844932 9.85853787167261 38.5623233802172 39.0419456886665
44.4524705310833 48.6793280044553 38.4255887486151 82.8780592796984
6.16621034321445 25.1247471054042 38.5203880165975 44.6865983598119
14.1687828027675 20.8003880307952 28.0145481432686 42.1833309460361
9.25388263994745 18.3211971989191 9.06731455897169 18.3211971989191
3.70381975410536 7.29629622429268 3.59247647018733 7.29629622429268
27.5669964034199 48.9119431902873 33.1258544146355 60.6928508180554
13.2021552654462 21.0425733936447 55.0697136343739 68.2718688998201
4.15610413754929 10.7376067041256 23.9227921949137 28.078896332463
15.0872558654052 27.1926267364666 27.414883307004 42.5021391724092
6.04707565684646 9.64143637480994 63.5309611505538 69.5780368074003
17.8126645805161 20.2415654173135 41.2127908444137 59.0254554249298
4.90679068860022 40.9183446186259 47.9488080359629 52.8555987245631
0.39153885671332 7.97331934170288 57.7570465241977 58.148585380911
16.8850383605252 19.4156848086158 40.6089796498323 57.4940180103576
2.39367364795687 7.29248992995905 34.7238549179074 37.1175285658643
4.65362912550518 6.99499802284237 39.9892863705028 44.6429154960079
10.393154801673 32.7970241991257 22.4038693974527 32.7970241991257
29.681235157785 33.3605045126014 38.0979042816133 67.7791394393983
2.28001930777119 15.7675157066704 40.990350253699 43.2703695614702
17.5628261436967 23.2615618850957 34.7660456178108 52.3288717615076
3.39690897780029 16.9652883704034 25.7891133671158 29.1860223449161
1.87761385200199 5.30097039248191 34.9568179795854 36.8344318315874
13.4416013299188 18.7281667049807 25.5583971661482 38.999998496067
2.56825880648182 3.36261478968378 36.6820842608674 39.2503430673493
0.373974890460612 14.0794606429171 47.1924751711262 47.5664500615868
3.93870703324874 6.04147820013779 37.3681169395605 41.3068239728092
2.91686025903547 4.72851122564552 47.2319441531315 50.148804412167
7.11596761530891 7.64994041558496 52.6663178630552 59.7822854783641
3.06121863884718 17.9190209160854 49.6767771893993 52.7379958282465
3.83388434603728 14.286316913406 38.3208280619786 42.1547124080158
3.51080892725611 13.404519917577 32.2655297071766 35.7763386344327
22.3254198010308 26.0978254566744 32.0348484954261 54.3602682964569
5.15587892080505 27.1661933668043 57.0347111075196 62.1905900283246
1.40136150714513 26.381431959024 30.6836279899976 32.0849894971427
20.7481367640032 24.7475037739817 42.8004038383708 63.5485406023741
0.119776936919364 3.03408482304874 62.1813220745515 62.3010990114708
14.9196887403016 18.3650262639892 35.6190643987574 50.538753139059
0.577177565595549 20.1913168450084 36.2432892923174 36.820466857913
1.91655584461249 11.9250863190063 70.3593245723561 72.2758804169686
5.68340445371426 43.5155358532974 37.8321313995831 43.5155358532974
31.3104041427172 51.8646083071427 28.811144980667 60.1215491233842
4.52319338924934 6.85152738374674 48.3850298652262 52.9082232544756
23.6991881204455 27.549944544878 51.9810278608107 75.6802159812562
6.40310136172515 7.7868346001708 36.7131248946792 43.1162262564044
15.182736209707 17.5467412128836 33.7918309201299 48.9745671298368
0.854306466205397 82.0245970920566 81.1702906258512 82.0245970920566
12.8978911463184 17.4048286521083 36.535496619951 49.4333877662695
0.607510752154089 26.861806496762 43.4711408059369 44.078651558091
10.1073266928997 19.9964068835676 9.8890801906679 19.9964068835676
10.4475850448208 11.4280987954521 57.7197268729109 68.1673119177317
0.922902703505085 2.35564616205122 52.2915784892774 53.2144811927825
10.4954808106918 11.0167560684533 21.5117425105337 32.0072233212255
38.3843145051966 65.3613030244031 35.1145918368703 73.4989063420669
13.8555429272989 13.8559534999713 14.2238006658878 28.0793435931867
14.2221414007689 34.3228871659518 36.8260750581171 51.048216458886
16.9869677962547 17.5508226757093 65.0321492682672 82.0191170645219
12.7651987975509 18.549218843916 42.3983139389094 55.1635127364604
7.5722314108198 12.821766097345 51.56913916752 59.1413705783398
8.36822813992447 27.3478019123505 40.7249102101979 49.0931383501224
41.3333798725279 42.5229972406306 40.913702881522 82.24708275405
11.5043848204657 24.0919575761452 40.8343276819685 52.3387125024342
2.53321937310946 9.29506510963828 42.7205057208736 45.2537250939831
0.794324206033689 13.1220747131579 41.2475328637984 42.041857069832
6.16846399781719 6.7190373123558 42.4721769110541 48.6406409088713
1.71610329082305 12.9167275505718 52.3979802807085 54.1140835715316
27.9411038561158 51.1072709497009 33.6561182261756 61.5972220822914
41.9564082061562 42.8272139155149 34.9059860863572 76.8623942925134
23.8203053307436 33.332478699138 35.802024198234 59.6223295289775
28.2656387011077 50.7035933341438 31.5028624474755 59.7685011485833
2.24354392020324 3.68796299826601 28.2813000334069 30.5248439536101
9.08873739077481 34.0137486426037 33.0624542799547 42.1511916707295
8.92133903054139 9.26975978274353 25.5473286720413 34.4686677025827
14.8806796363409 26.1322343729116 54.9887872155976 69.8694668519385
14.7116410092601 29.1163958346508 14.4047548253907 29.1163958346508
20.4783997405147 28.7438610869805 60.146341952368 80.6247416928827
25.7913763515542 33.4445111578701 37.9056251178418 63.697001469396
3.07443877713868 38.2369371495338 35.1624983723951 38.2369371495338
3.0975087148891 6.40169660270907 20.1477494604588 23.2452581753479
5.89845218138781 25.9846994841259 51.9713688834094 57.8698210647972
30.9718166075865 44.6890593467399 50.297665682289 81.2694822898755
9.18512162867985 26.7197230170894 46.0200374700663 55.2051590987461
2.15739062809241 4.87693515714708 43.484732665529 45.6421232936214
20.6429633076342 26.159081032091 49.0688566932298 69.7118200008639
9.55759152375035 20.9605830824128 37.3857062091067 46.9432977328571
2.61744472439212 9.85165378195647 27.8059826541285 30.4234273785206
10.3893621827781 19.0025914789718 54.368725064376 64.7580872471541
24.5657461283086 29.3720936019893 81.7305770337549 106.296323162064
10.585332524223 32.5919384862728 37.4231458493246 48.0084783735475
4.65118844135502 5.18234776615885 34.3415393443797 38.9927277857347
0.590516626829633 3.8037633307001 35.6869454877433 36.277462114573
3.43776820647095 20.2363757660397 53.1810143415451 56.6187825480161
2.79763525376099 24.2562058581097 52.9635515551919 55.7611868089529
6.71714520316886 6.8097228722971 35.1650640930181 41.882209296187
2.11262063969187 9.45806436529193 18.9787969260009 21.0914175656928
13.8642725804022 16.8923281308962 57.9666751706275 71.8309477510297
13.1880623854817 17.9767246460431 44.1161604725612 57.3042228580429
3.38960556297656 10.3050306030779 39.7124285288264 43.102034091803
5.90870886008873 9.00160351120543 32.6250767630707 38.5337856231594
3.7859693443157 9.86458332710535 67.8372713076005 71.6232406519162
18.4566337577705 22.1548465092565 42.4823150159863 60.9389487737568
1.01971013807458 25.8254498915725 31.0561698480724 32.0758799861469
16.9845494327776 30.8109425492329 40.3981304458046 57.3826798785822
1.25742961499349 1.59968598869961 47.3486614198918 48.6060910348852
5.71070599214682 12.5134602289103 32.4586675855125 38.1693735776593
0.525583733096787 2.46265134285407 25.9692033083104 26.4947870414071
6.89035558089008 7.93553773244851 29.7015120974466 36.5918676783366
20.8515846228878 25.5579298765025 20.8004808690242 41.6520654919119
2.33358853890942 4.19031767973734 37.3285326259849 39.6621211648943
21.1054581721199 26.8608598137805 56.1847165795038 77.2901747516237
17.9975105778287 22.020353271701 17.5885968694335 35.5861074472622
8.03860616046321 8.92184782443781 41.5253496563541 49.5639558168173
6.06278186074814 7.7805029147305 35.2853644856679 41.348146346416
0.893190001306428 8.71494531051968 83.9027500548024 84.7959400561088
9.46987122340612 10.5657293350617 43.9271759190327 53.3970471424388
4.8302099664299 8.18958076763636 48.3815263614662 53.2117363278961
6.72262032219391 13.2212410263541 6.49862070416019 13.2212410263541
4.31844420868811 5.01695163608718 43.3527905158317 47.6712347245198
6.17816518574482 6.46463744993878 83.7079283462487 89.8860935319936
2.61448018276972 10.3506600721245 31.3898552581366 34.0043354409063
7.16464014908643 8.17769664740623 39.2266735836063 46.3913137326928
0.248654317024158 7.58384933967266 54.9932873693311 55.2419416863552
4.03322293316192 6.19151094403621 45.7585747144172 49.7917976475791
7.67219254275665 15.9275460691738 40.6462320604997 48.3184246032563
21.49367042556 31.1467092010352 37.3125308129514 58.8062012385114
24.0855968997461 27.9553883025289 33.3128039615041 57.3984008612503
4.35385274620326 4.70250968343384 38.4386130919167 42.79246583812
1.06529651293145 1.31875185767692 35.8861892395053 36.9514857524367
8.76477351764857 10.450403785729 20.3429855738923 29.1077590915409
0.205178524112067 7.17527676885576 43.6254459805087 43.8306245046207
1.49011871727302 3.49816070429798 33.4332414241134 34.9233601413865
10.1244700226202 10.4871158684472 66.0418800295094 76.1663500521296
17.0661315540355 29.2487974689447 46.3697963627454 63.435927916781
30.1985865846655 47.6793471987498 29.7178237715067 59.9164103561721
9.25097987891303 17.3857205933883 52.6143826300274 61.8653625089405
19.5107915958606 37.2318887060083 51.893011277427 71.4038028732876
15.3179925278441 16.1272923223792 32.0413945928429 47.359387120687
0.789305613641691 3.07670332924421 37.2454193546776 38.0347249683193
5.76276118827978 32.4208368254549 26.6580756371752 32.4208368254549
8.30752713917112 15.322871855437 33.0366561033191 41.3441832424902
13.1808395194711 18.5537063961471 40.2257766696263 53.4066161890974
14.7166291265908 16.973135735061 46.744115372004 61.4607444985947
12.2465609169688 14.6310932147618 29.3124854339168 41.5590463508856
14.881386850059 20.8901851317912 34.5939806109361 49.4753674609951
7.70632259910199 20.4545870574969 30.1008970450065 37.8072196441085
7.03075410795208 9.14137611608172 43.9276593992044 50.9584135071565
18.0965702194597 28.7610559797554 37.5432942715957 55.6398644910554
1.72677765586166 5.88863241885006 38.0838871933875 39.8106648492492
20.9618891296283 44.5450135170371 46.5155364329077 67.4774255625361
16.4690609962803 19.1471245808363 29.0590036770448 45.5280646733251
3.01896766460226 18.3148457477497 45.9009592340907 48.9199268986929
4.8103383857494 8.56524182456978 36.3301502797899 41.1404886655393
17.5221050212777 23.8889461660231 39.8360177690418 57.3581227903195
2.43462538311758 15.4311192824451 62.8083033711445 65.2429287542621
16.2788128156873 20.728296939578 24.6076594956797 40.886472311367
17.0111821466381 32.5871395090401 35.9883251400125 52.9995072866506
14.4834430802795 27.2911926078301 50.372206976651 64.8556500569305
3.30361879267336 5.37490618331374 65.5869531893187 68.8905719819921
2.67508828560221 8.02821853910398 44.429779931422 47.1048682170242
7.44491924809352 9.33992529565144 30.6026653250288 38.0475845731223
11.9804509316048 13.5100473331913 73.6454381004546 85.6258890320594
5.05652940837585 5.82765736911176 37.0466702556494 42.1031996640252
3.45253558125981 5.94063949470983 62.0226316524328 65.4751672336926
2.08035565516026 13.0923277135197 41.9142521452426 43.9946078004028
13.4856351082064 16.4383645137807 41.9567480026256 55.4423831108319
2.20632682733287 5.71033771842337 38.5538287225759 40.7601555499087
13.2381460942778 18.0229938093985 33.7741448893032 47.012290983581
7.00033292882565 11.0340686696179 45.0533362906084 52.053669219434
6.57661861159639 49.1962965714648 50.8948653024943 57.4714839140907
14.0328848291831 17.23175282085 44.9956018942515 59.0284867234346
9.14366447362401 11.4704303777206 40.8422641534584 49.9859286270824
5.33670775187546 8.53074350117272 49.8347868619406 55.171494613816
24.3813979441596 25.8549217087807 44.808420482967 69.1898184271266
22.6915879747256 30.1163210767413 53.293715193006 75.9853031677316
6.88581100457483 8.19818735543804 67.4854461016617 74.3712571062365
13.5118595989053 35.987151915215 34.1889052943009 47.7007648932062
3.83338091293066 7.50972360739191 52.551779183322 56.3851600962527
8.15757385174912 21.7232105133281 48.2014042571325 56.3589781088816
64.4908722988963 82.9095558263695 37.4522519307243 101.943124229621
4.75623447435244 10.3573780545731 45.8748317593221 50.6310662336746
0.766278653301798 11.706216090464 58.8659656485633 59.6322443018651
2.16159697223812 13.997510056878 11.8359130846399 13.997510056878
2.53571339200396 3.80957913475251 44.6890197826765 47.2247331746805
14.9788933511575 40.258442255744 30.4620117007127 45.4409050518702
14.2596363214246 26.9377311210193 37.9338848386351 52.1935211600597
14.1298794003128 34.4462843711541 48.0682129552858 62.1980923555986
16.6105449891151 24.9267938572984 51.0795427473871 67.6900877365021
9.22382867755125 46.8965625836004 37.6727339060491 46.8965625836004
1.59625492831538 7.8838805123965 38.2025031666863 39.7987580950017
15.4171755150863 29.9983717423664 14.5811962272801 29.9983717423664
0.974346396236351 2.1155328924431 11.8162376804222 12.7905840766586
6.98194299274885 29.114573156424 54.6623779199239 61.6443209126728
18.3998054138714 34.0039242204397 57.8761251230426 76.275930536914
24.4171284099527 38.5982422268005 40.1920240827537 64.6091524927064
20.1038129639652 24.6033207777218 19.5629353735245 39.6667483374897
4.08666247135856 8.26386916739481 8.55800872721629 12.6446711985749
6.51040912113242 46.5358935230395 52.3356252117907 58.8460343329231
7.30474055245558 15.1711306786827 48.1108426081492 55.4155831606048
0.344055287080877 2.52560809431901 39.1045890745237 39.4486443616046
4.14441479239537 9.67698090633439 51.1316718731121 55.2760866655075
14.7428562280972 31.3500630802091 38.2605723966777 53.0034286247748
4.04753104298439 7.96069228206006 68.4806301684608 72.5281612114452
11.2902773387375 15.6681452478032 38.8845906024617 50.1748679411992
1.31092489339815 11.2981838896309 33.6977867152827 35.0087116086809
2.33352287122728 2.61087261948479 37.8377912740091 40.1713141452364
18.7753895471048 25.9080174399065 18.0669540676427 36.8423436147474
6.33330676665892 8.26960903981895 34.4423511290725 40.7756578957314
26.5938694626775 55.9480628022747 60.0742031900799 86.6680726527574
12.6719456871326 21.9450069604933 40.4218196652132 53.0937653523458
0.646322434335526 6.89751924177666 28.9198977651463 29.5662201994818
6.91354916456323 13.4861087202084 53.4737859955211 60.3873351600844
2.323674861695 41.3060337382159 38.9823588765209 41.3060337382159
3.32565565611744 7.56611207909874 37.0845302008146 40.4101858569321
19.3942843373485 61.8397438661681 64.4880056807914 83.8822900181399
6.00128554352289 13.0839788528086 35.0261555783454 41.0274411218683
7.00822649780582 12.9505312291848 57.9170493565682 64.925275854374
1.8984506519873 32.8226108798938 45.9165040793945 47.8149547313818
7.24763364913794 10.8157302635295 46.8464941074803 54.0941277566183
5.58788789350664 35.3422162537303 46.8060995509171 52.3939874444237
41.2286517584445 46.1191600053017 66.856924812804 108.085576571249
4.90904319966307 18.0370968734406 48.4906373404243 53.3996805400874
1.40932803834158 6.57429984349891 29.4267034205624 30.8360314589039
4.39892298324453 24.4377213537403 53.6290184345704 58.0279414178149
11.9056965686619 14.3721067072753 44.1386477425344 56.0443443111964
10.8285981129 12.6428679276629 18.5302507837883 29.3588488966884
1.01714219748434 4.82877238130462 37.9855402232581 39.0026824207424
8.49502140729201 15.1011878039141 51.3770273947321 59.8720488020241
80.7426244931604 85.509783591833 34.7482443746028 115.490868867763
0.310144872894933 2.07422618087692 63.916933588422 64.227078461317
1.77032837761394 16.981705981324 38.8725836020918 40.6429119797057
3.04583651330396 27.4194729594667 33.2609217332245 36.3067582465284
16.0992888044876 30.4963402581755 41.3458044212082 57.4450932256957
7.42075706460395 15.3273940299546 62.5262372065811 69.9469942711851
10.762459856757 16.1504762940505 46.8970018526258 57.6594617093828
9.35078000287287 18.9966193624866 54.0450352081555 63.3958152110284
13.5056832978475 17.6804017251705 31.0277024604437 44.5333857582912
7.29273643426271 11.4370815936407 42.4378973886852 49.7306338229479
1.06597127567921 7.75940257629833 65.0195075224638 66.085478798143
8.3996171140957 30.7324474018289 39.247932818408 47.6475499325037
24.3828210022424 26.7222780634743 41.3709343688745 65.7537553711168
3.38843409743237 15.1923734191312 46.7729664236337 50.1614005210661
21.2070140270957 30.8242660845009 52.8105212090544 74.0175352361501
21.5459645973634 26.2061287683084 39.0726714692772 60.6186360666406
0.887756488838663 0.907236566959134 26.7123781403993 27.6001346292379
3.38110798528038 6.74420483305207 3.3630968477717 6.74420483305207
21.6712061555069 23.042304670837 39.5147677149199 61.1859738704267
2.47947200643755 10.355165752548 40.837220808974 43.3166928154116
41.974139100385 58.2854904508262 60.1733124852597 102.147451585645
6.19393874891272 9.07509179591253 40.1170882280305 46.3110269769433
4.49792239979419 29.070172174234 43.6604774059327 48.1583998057269
1.77395250011544 6.66534398909776 51.5229712185248 53.2969237186402
32.9512356532114 44.3968560456302 50.8928324110598 83.8440680642712
0.945532855610198 10.0003419333732 16.1981002756731 17.1436331312833
0.513126904221428 17.078819067224 49.6049333316634 50.1180602358848
30.2337970284782 42.0751787908373 36.0429311368722 66.2767281653504
10.205558839675 15.4245037319442 38.9174810365937 49.1230398762687
37.7070938595433 43.8438913527763 40.3643165217351 78.0714103812784
39.4767755340221 40.9381119405778 69.5353247687329 109.012100302755
6.18947520842083 12.4580276417205 9.97373816817656 16.1632133765974
1.18122830192915 13.5744796148385 23.9070683821461 25.0882966840753
3.21117081964736 3.47964306636639 18.5879384867663 21.7991093064136
6.33917587100254 22.2775948203908 68.1511308927477 74.4903067637502
22.9730317883719 38.3519907174611 42.027674090656 65.0007058790279
8.12227365042433 25.4295852548128 31.6906625113671 39.8129361617914
16.0952891237799 24.1292312763406 21.8065973680048 37.9018864917847
12.0066127653706 24.6908756753484 52.6347483977178 64.6413611630884
11.5033666785722 17.1820193845558 27.0095228940627 38.5128895726349
9.77610748838101 36.234328775821 39.99314974959 49.7692572379711
2.86042264778558 7.43010429072204 35.0601794447944 37.92060209258
12.3908847218818 14.2086725408598 45.7208723565356 58.1117570784174
42.7458661235589 43.8969069473978 34.1847440556643 76.9306101792232
0.745085569402853 7.03090955797369 52.1827836307362 52.9278692001391
29.4290953933041 34.6592631741318 43.3255270082702 72.7546224015743
7.24450819211533 20.7298491598364 46.1320967020159 53.3766048941312
11.9203101868986 23.7603635757415 11.8400533888429 23.7603635757415
7.0902219076123 8.29122712616087 40.167814896602 47.2580368042143
2.84224455365164 3.15601903464789 81.8819510861788 84.7241956398304
3.16006178901668 23.0555339197958 35.3406651520958 38.5007269411124
5.26054766725431 32.2882895496053 40.7254982188162 45.9860458860705
14.9557864486055 15.3410670768332 46.6006253321768 61.5564117807823
20.9649403497865 35.7438949946893 41.0898507354778 62.0547910852643
8.85292746104609 20.2215088814581 40.6403874601612 49.4933149212073
7.72101961435441 9.10050263892396 48.6825036146809 56.4035232290353
11.035216526514 13.877385049849 43.8529807565734 54.8881972830873
80.9994221993931 86.0195812120391 36.7569869394842 117.756409138877
3.56150976062095 6.18779364589417 53.1421806520393 56.7036904126602
12.3745177198666 14.2059337249368 58.9219225764937 71.2964402963603
6.42182201560509 19.7872969854281 31.2266987560705 37.6485207716756
12.3019288295761 25.1235349364976 45.0483033143124 57.3502321438885
34.3701013137718 36.7558914295162 29.0948696695952 63.464970983367
14.4368090902438 35.8623358910089 34.7075667622193 49.1443758524631
7.7011530590084 9.97428068925699 20.3727544298657 28.0739074888741
10.2060505556604 10.4308023557862 55.3193222981223 65.5253728537827
6.10387884208369 8.11774334833675 43.2402441286079 49.3441229706916
10.1618733588261 12.1720886269522 46.7218054378396 56.8836787966657
17.0328376723101 39.6651295005949 45.0747439755572 62.1075816478673
39.4156105405995 57.2892880500825 42.0362304700074 81.4518410106069
3.97375421955663 11.9512307755205 49.8159360288034 53.7896902483601
3.35376178172317 9.32763356356963 28.8629140197912 32.2166758015144
8.86437880147639 17.2316005853531 80.7849062070831 89.6492850085595
2.25675922516169 14.1265896646136 43.5123754223793 45.769134647541
9.05864614599803 18.6297145166714 78.4367582150228 87.4954043610208
13.3255061100737 19.0790267481573 40.6746906864566 54.0001967965303
13.9181968524128 14.7967937358171 13.8460308494858 27.7642277018985
4.71856804442449 21.0969938213809 37.8310064811799 42.5495745256044
0.951360903500969 26.2328438212327 59.4129831621888 60.3643440656897
0.157724053736056 3.3648247480442 33.8600298046826 34.0177538584187
8.55222369741546 27.8812965505312 44.7991209369963 53.3513446344118
4.36371484761852 5.58830707616703 35.0583291461422 39.4220439937608
5.86067629885608 14.5552605081812 49.3647882808753 55.2254645797314
4.97914588090069 9.69061933524534 56.4741785346223 61.4533244155229
12.2424091894819 21.2910267398011 29.0114479517642 41.2538571412461
8.47773266866215 10.7464514233854 47.1566951085197 55.6344277771819
11.5711457183842 17.1561791697418 42.7737473350893 54.3448930534736
2.66964320325156 30.5629536418412 53.7012816449114 56.370924848163
11.6236727209335 15.8902864642423 43.8660937634814 55.4897664844149
26.8138071874396 37.8400124733942 38.4253569922679 65.2391641797074
2.62887091477463 10.3458142512571 46.6348730472162 49.2637439619908
8.1291148805547 13.717976571584 46.9043349716574 55.0334498522121
6.93917622836295 10.8137759087901 48.3972385121335 55.3364147404964
45.2151587036719 53.2308675721565 42.0701003306945 87.2852590343664
2.35232370490191 14.2601679817572 48.3886869532216 50.7410106581235
24.7726378829712 27.0855319771926 40.4600312538159 65.2326691367871
3.29796336753831 4.97677791374635 52.8812514398773 56.1792148074157
29.26376604277 32.5985011284426 48.7030993642525 77.9668654070226
5.96096484103524 29.5417526699383 33.5689465276146 39.5299113686498
5.65946047564886 11.5370341190481 25.5377004049628 31.1971608806117
6.74184151416744 9.28904410426172 48.8830128212615 55.6248543354289
20.9867955544763 29.1574565228057 42.0298718324595 63.0166673869357
21.076814052733 37.0698888826994 49.328034742513 70.404848795246
7.49278923289968 10.7857350127789 23.5457047432693 31.038493976169
25.1929889572786 31.7559823939655 36.9772617835252 62.1702507408037
42.6970538459978 48.0327115795752 38.3257852225879 81.0228390685857
17.2142827818387 21.7730588688268 52.936904023348 70.1511868051867
8.52982148220319 12.7295565090637 31.5598754147013 40.0896968969045
3.30319260323733 4.99785794585356 23.543362149851 26.8465547530883
19.0522051747597 21.8187213995601 36.8806936730415 55.9328988478012
15.445008298042 15.9027846983383 40.4660014995887 55.9110097976308
3.45511698274902 9.28541715881727 42.620832058369 46.075949041118
23.9629847100392 30.3969875818413 68.2365007400326 92.1994854500718
3.34053399988013 34.7148703889124 48.7110863717017 52.0516203715818
1.45102140540001 5.19179896491001 37.4707456612188 38.9217670666188
1.28099931637255 11.0093648501058 11.6708105664252 12.9518098827977
3.06899131632213 4.59748826851103 37.1270308362668 40.196022152589
8.57164049737593 26.6834576332365 34.4652682825039 43.0369087798798
0.596688172704097 3.98283440760171 36.9695760051038 37.5662641778079
33.6413422833165 33.6448561008 38.5200720461612 72.1614143294777
30.7944443274675 39.8155887836074 58.1854982811479 88.9799426086154
2.51749114710647 5.31285660105505 45.6252034266733 48.1426945737797
30.1130408154656 48.1184018813553 38.6628721860941 68.7759130015597
21.7493036799749 24.3368278884307 42.4102052076434 64.1595088876183
13.839404178524 17.3325537673901 26.7486045456747 40.5880087241986
14.7614505333223 16.0568840912822 35.804311324915 50.5657618582373
15.3500731476849 16.7258270016126 37.4161507584191 52.766223906104
9.13174002981832 9.28791075153827 27.2680475023485 36.3997875321668
48.8098951306412 116.422627831143 67.6127327005017 116.422627831143
11.3874831573718 16.6554669766349 37.7450204406842 49.132503598056
6.07458823173222 9.40064704649621 36.874041763323 42.9486299950552
16.3459362889774 32.4674271325128 16.1214908435354 32.4674271325128
26.1887625976295 49.2349149599931 42.1169564226028 68.3057190202323
10.7462290654345 17.2043845594745 47.6942518245524 58.4404808899869
7.44905123958156 7.95671925740551 35.7924854687849 43.2415367083665
11.9544130295628 15.4783814201449 22.6884304163186 34.6428434458814
6.44627209766786 10.2631876416801 30.0541419834056 36.5004140810735
24.792732483344 28.3630904435393 44.7846395070173 69.5773719903613
6.40022028571776 28.8889557418864 34.7792071057083 41.179427391426
12.7298400500785 14.7376944759839 32.95048875786 45.6803288079385
13.8806730320008 32.0126608820919 59.9566563666548 73.8373293986556
1.185022545383 2.07333056531718 38.1659322627742 39.3509548081572
30.5747694803252 45.8373563303406 47.1643367731095 77.7391062534348
18.0816252738369 19.1980283272823 49.2795127249089 67.3611379987459
1.56595126019286 11.3278030334949 35.8966253785574 37.4625766387503
27.9736269969106 28.9826118321711 38.7884759262602 66.7621029231707
10.4267520962535 41.1435752637679 54.0450838841806 64.471835980434
2.43857382556894 6.97381882854165 57.3521290743549 59.7907028999239
19.2456938928993 21.9808527281505 30.3999173468387 49.645611239738
0.936277179227534 1.70537439118843 59.0267111181823 59.9629882974099
10.5484078253986 11.217810430523 37.5810536493759 48.1294614747744
12.2177596268235 16.0451156230532 51.6475265501649 63.8652861769884
21.9360167122812 78.0012994800626 56.0652827677815 78.0012994800626
6.60939141448457 30.1531113133335 34.6898348388492 41.2992262533338
6.50398260228586 25.4844577276546 42.1746372778758 48.6786198801617
3.11794149031852 42.7515202328977 39.6335787425792 42.7515202328977
26.1195680501248 38.9744541790159 24.1896115451434 50.3091795952682
48.4047114423993 56.8438947355088 35.6975322911168 84.102243733516
15.0454601560005 57.5483856280832 42.5029254720826 57.5483856280832
1.60169780348776 6.06033429752713 52.8108708907389 54.4125686942266
2.2498050267445 5.60395584987208 31.3860605468744 33.6358655736189
2.51591975309513 6.83318146602146 47.6611975420304 50.1771172951255
8.70952433959668 12.9268950135622 42.7780730433304 51.4875973829271
9.20111367834298 22.9201960712496 32.4558903745434 41.6570040528864
5.04087620709134 36.9180664844431 34.4302347775437 39.471110984635
