0.03 0.06 50 40 500
0.03 0.07 50 40 500
0.03 0.08 50 40 500
0.03 0.09 50 40 500
0.03 0.1 50 40 500
0.03 0.11 50 40 500
0.03 0.12 50 38.2000000000001 500
0.03 0.13 50 35.35 500
0.03 0.14 50 30.4740000000001 500
0.035 0.06 60 40 500
0.035 0.07 60 40 500
0.035 0.08 60 40 500
0.035 0.09 60 40 500
0.035 0.1 60 40 500
0.035 0.11 60 39.18 500
0.035 0.12 60 36.9820000000002 500
0.035 0.13 60 33.0019999999999 500
0.035 0.14 50 27.438 500
0.04 0.06 60 40 500
0.04 0.07 60 40 500
0.04 0.08 60 40 500
0.04 0.09 60 40 500
0.04 0.1 60 40 500
0.04 0.11 60 38.1920000000001 500
0.04 0.12 60 35.302 500
0.04 0.13 60 30.2920000000001 500
0.04 0.14 50 25.1494 500
0.045 0.06 70 40 500
0.045 0.07 70 40 500
0.045 0.08 70 40 500
0.045 0.09 70 40 500
0.045 0.1 70 39.142 500
0.045 0.11 70 36.9900000000002 500
0.045 0.12 70 33.0579999999999 500
0.045 0.13 60 27.2108 500
0.045 0.14 50 21.5313 500
0.05 0.06 70 40 500
0.05 0.07 70 40 500
0.05 0.08 70 40 500
0.05 0.09 70 40 500
0.05 0.1 70 38.2140000000001 500
0.05 0.11 70 35.404 500
0.05 0.12 60 30.1551 500
0.05 0.13 60 25.0163 500
0.05 0.14 60 18.33795 500
0.055 0.06 80 40 500
0.055 0.07 80 40 500
0.055 0.08 80 40 500
0.055 0.09 80 39.16 500
0.055 0.1 80 36.9580000000002 500
0.055 0.11 70 32.9691 500
0.055 0.12 70 27.43245 500
0.055 0.13 60 21.64455 500
0.055 0.14 60 14.64455 500
0.06 0.06 80 40 500
0.06 0.07 80 40 500
0.06 0.08 80 40 500
0.06 0.09 80 38.1860000000001 500
0.06 0.1 80 35.214 500
0.06 0.11 70 30.36885 500
0.06 0.12 70 25.34765 500
0.06 0.13 70 18.6598 500
0.06 0.14 60 12.1469 500
0.065 0.06 90 40 500
0.065 0.07 90 40 500
0.065 0.08 90 38.9460000000001 500
0.065 0.09 90 36.9960000000002 500
0.065 0.1 90 33.2399999999999 500
0.065 0.11 80 27.1506 500
0.065 0.12 70 21.49425 500
0.065 0.13 70 15.7795 500
0.065 0.14 70 10.0225 500
0.07 0.06 90 40 500
0.07 0.07 90 40 500
0.07 0.08 90 37.8580000000001 500
0.07 0.09 90 35.338 500
0.07 0.1 90 30.5000000000001 500
0.07 0.11 80 24.9445 500
0.07 0.12 80 18.2903 500
0.07 0.13 70 12.1506 500
0.07 0.14 70 7.60749999999999 500
